-2.61156  7.80862  379.757  3.85548  -0.269778  0.476992  
-2.57982  7.82439  379.341  3.75254  -0.496086  0.47894  
-2.60626  7.82777  379.487  4.15457  -0.302662  0.486911  
-2.61678  7.80974  379.969  4.72835  0.0307527  0.502378  
-2.64452  7.82459  379.619  3.91616  -0.264117  0.475975  
-2.5685  7.8072  379.607  3.82919  -0.804253  0.4304  
-2.61109  7.83167  379.511  4.4567  -0.257972  0.474698  
-2.62606  7.78927  379.993  4.37803  -0.772438  0.457867  
-2.58141  7.81837  379.456  3.7592  -0.834837  0.432405  
-2.60666  7.82525  379.783  4.30248  -0.721567  0.496412  
-2.62742  7.83503  379.453  4.02553  -0.311863  0.507638  
-2.62247  7.78297  380.278  4.81698  0.254103  0.511153  
-2.59913  7.81248  379.392  3.86411  -0.40201  0.46374  
-2.61554  7.82393  379.969  4.31805  -0.483268  0.469443  
-2.58507  7.826  379.766  4.64525  -0.576426  0.432794  
-2.63318  7.80637  379.736  4.3959  -0.231473  0.484401  
-2.66903  7.82433  379.571  4.12938  -0.0836411  0.517434  
-2.60731  7.82162  379.583  3.90507  -0.680979  0.44628  
-2.64261  7.79964  379.764  4.33197  -0.0609817  0.498375  
-2.5908  7.80965  379.651  4.15467  -0.155464  0.452769  
-2.64243  7.82222  379.695  4.2195  -0.605682  0.504971  
-2.63073  7.83074  379.655  4.18498  -0.272949  0.486498  
-2.65104  7.81367  380.122  4.62943  -0.268002  0.51848  
-2.6116  7.81131  379.795  3.90962  -0.760347  0.460422  
-2.59225  7.80326  379.56  3.99207  -0.949729  0.466969  
-2.62892  7.81939  379.669  4.00883  -0.25602  0.509609  
-2.60457  7.77775  380.093  4.74275  -0.653504  0.457459  
-2.66694  7.79035  380.149  4.44782  -0.143156  0.527148  
-2.61215  7.8206  379.525  4.05407  -0.400187  0.455471  
-2.61539  7.82859  379.49  4.29994  -0.0627444  0.467002  
-2.61319  7.80161  379.892  4.37912  -0.878168  0.474059  
-2.61938  7.81254  379.823  4.37798  -0.418026  0.476617  
-2.61383  7.81362  379.819  4.55224  -0.433485  0.453591  
-2.62152  7.81689  379.82  4.21536  -0.596411  0.444962  
-2.61664  7.81502  379.925  4.42665  -0.227098  0.472505  
-2.65448  7.80023  380.33  5.29374  0.136108  0.503842  
-2.63955  7.8025  379.89  4.30315  0.00334157  0.47574  
-2.61541  7.83081  379.292  3.85292  -0.0568061  0.494693  
-2.63512  7.8056  379.828  4.48347  0.384504  0.489365  
-2.63845  7.82129  379.599  4.01624  -0.205518  0.491224  
-2.58527  7.78844  379.782  4.07173  -0.707597  0.455483  
-2.57246  7.78519  380.354  4.82463  -0.479325  0.493504  
-2.4418  7.69907  379.949  4.25723  -0.513821  0.443032  
-2.37361  7.67574  380.208  4.63059  -0.589701  0.430375  
-2.24284  7.58804  380.316  4.25652  -0.717566  0.411998  
-2.15276  7.57192  379.505  3.68663  -0.599553  0.4208  
-2.10712  7.54316  379.949  4.37083  -0.378475  0.43984  
-1.98561  7.4362  379.936  4.14436  -0.058144  0.448214  
-1.88219  7.35605  380.422  4.34622  -1.10053  0.423628  
-1.8314  7.32748  380.406  4.16693  -0.157668  0.435256  
-1.70486  7.27633  380.043  3.89623  -0.603383  0.433901  
-1.63897  7.22105  380.3  4.32377  -0.857797  0.458621  
-1.53059  7.16714  380.501  4.4299  -0.888194  0.42086  
-1.47809  7.14098  380.147  4.10579  -0.658852  0.445263  
-1.36841  7.04518  380.752  4.37547  -0.437055  0.436465  
-1.26388  7.03495  380.095  3.78209  -0.12625  0.426948  
-1.16244  6.96829  380.279  3.74659  -0.881424  0.362652  
-1.07474  6.86947  380.378  3.77321  -0.645005  0.396531  
-0.995792  6.81191  380.687  4.34386  -0.648338  0.442004  
-0.929762  6.79884  380.41  4.20675  -0.104984  0.439274  
-0.839518  6.75475  380.542  4.70428  -0.126162  0.4832  
-0.781908  6.70725  380.819  4.61191  -0.535017  0.464104  
-0.582477  6.64683  380.825  4.61019  -1.07369  0.385371  
-0.566984  6.5596  380.417  4.06378  -0.422553  0.443874  
-0.415895  6.47908  380.732  3.84081  -0.598291  0.42489  
-0.383387  6.43585  380.878  4.11573  0.0303086  0.428994  
-0.309184  6.38873  380.866  4.32227  -0.0517065  0.452771  
-0.196025  6.30965  380.846  3.92113  -0.808917  0.471178  
-0.109925  6.27731  381.386  4.98202  -0.363048  0.435828  
-0.0282916  6.18313  381.507  4.59  -0.261464  0.442179  
0.0663117  6.22669  380.627  4.37128  -0.64514  0.470785  
0.169575  6.17758  380.448  3.87291  -0.823731  0.441486  
0.210992  6.12267  380.978  4.83026  -0.757309  0.462839  
0.33056  6.01182  381.136  4.62573  -0.512458  0.440987  
0.419341  5.91413  381.462  4.37819  -0.122654  0.456763  
0.524174  5.92504  380.639  3.627  -0.0295892  0.442775  
0.621642  5.84813  381.433  4.33742  -0.962301  0.397995  
0.690533  5.78877  381.288  4.20158  -0.777898  0.407739  
0.760517  5.72903  381.454  4.39249  0.19063  0.46179  
0.815683  5.67833  381.173  3.87617  -0.581279  0.459424  
0.92497  5.66667  380.969  4.35487  -0.0805246  0.451489  
0.996611  5.57768  381.528  4.96632  -1.14691  0.424627  
1.15909  5.50045  381.553  4.49164  0.184112  0.450852  
1.16449  5.45515  381.658  4.39377  0.165909  0.480008  
1.3072  5.43211  381.407  4.48076  -0.489279  0.475247  
1.35056  5.37244  381.385  4.30636  -0.207641  0.457949  
1.46854  5.32224  380.768  3.73688  -0.0454492  0.478947  
1.54189  5.26291  381.794  4.72647  -0.195852  0.459988  
1.68123  5.17135  381.753  4.45962  -0.669147  0.402602  
1.69544  5.17278  381.867  4.63614  -0.544612  0.475584  
1.82572  5.11299  381.536  4.75001  -0.0761155  0.486236  
1.89295  5.04497  381.635  4.34161  -0.430523  0.481068  
1.99919  4.98399  381.612  3.94311  -0.567373  0.449644  
2.09542  4.94005  381.769  4.56266  -0.114267  0.449972  
2.16799  4.8852  381.885  4.58766  0.705375  0.466383  
2.22825  4.81013  382.133  4.7451  -0.314746  0.471872  
2.35623  4.76295  381.838  4.51619  -0.893262  0.456539  
2.41372  4.72763  382.118  4.6326  0.0110705  0.4392  
2.44754  4.75683  381.759  4.54404  -0.0292714  0.427383  
2.46836  4.73224  381.981  4.36954  -0.413386  0.410062  
2.519  4.7446  381.576  3.89869  -0.274865  0.41944  
2.58487  4.77923  381.579  4.47677  -0.0054819  0.499772  
2.59707  4.72216  381.978  4.78623  -0.333784  0.523559  
2.62134  4.7345  382.288  4.87739  -0.31454  0.569289  
2.69881  4.7515  381.717  4.37549  0.0609331  0.598311  
2.72339  4.70889  381.905  4.50246  0.0814262  0.663883  
2.81971  4.71879  381.451  4.02067  -0.093575  0.643535  
2.87268  4.68578  382.002  4.41657  0.0986515  0.684245  
2.89059  4.70275  381.615  3.99819  0.0577371  0.71704  
2.97618  4.6522  382.395  4.53572  -0.161784  0.70979  
2.99807  4.67669  381.875  4.18211  -0.374488  0.731696  
3.03283  4.65912  382.529  5.26238  0.164254  0.775217  
3.1671  4.69868  382.007  4.63948  -0.66946  0.709891  
3.1777  4.67807  382.178  4.66822  -0.615435  0.789741  
3.25908  4.69343  381.979  4.41804  -0.401705  0.8137  
3.30485  4.71902  381.606  4.1501  -0.842856  0.837679  
3.37429  4.69321  381.956  4.3623  -0.182074  0.862533  
3.39466  4.71899  381.869  4.87748  -0.54059  0.872295  
3.48585  4.61724  382.506  4.95273  -0.962003  0.896149  
3.54159  4.63778  382.303  4.59467  -0.643103  0.901984  
3.57416  4.66345  382.454  5.1295  -0.498394  0.956136  
3.55989  4.61729  382.604  4.8105  -0.676049  0.996702  
3.66445  4.65839  381.956  4.59811  -0.6586  1.02905  
3.71051  4.66099  382.294  4.9144  -0.255933  1.07473  
3.79212  4.63423  382.231  4.64538  -0.335538  1.08553  
3.91678  4.65854  381.828  4.15358  -0.808867  1.01477  
3.93261  4.62634  382.265  4.85008  -0.447473  1.09372  
3.96779  4.60716  382.146  4.48946  -0.180246  1.12865  
4.02657  4.62015  382.292  4.82662  -0.0619035  1.175  
4.07618  4.60249  382.406  4.89907  -0.648549  1.16859  
4.12668  4.61788  381.983  4.45894  -0.810456  1.21067  
4.15943  4.62321  382.477  5.24467  -0.70285  1.22905  
4.19412  4.61962  382.059  4.46099  -0.267345  1.3077  
4.25443  4.57604  382.768  4.86504  -0.519671  1.32299  
4.30187  4.56832  382.643  5.34524  -0.359873  1.35731  
4.33593  4.59131  382.58  5.08611  -0.251564  1.41887  
4.39432  4.62228  382.181  4.91574  -0.355011  1.37816  
4.47449  4.62338  382.092  4.71815  -0.825146  1.37082  
4.55746  4.55408  383.118  5.69093  -0.411191  1.41341  
4.6191  4.59171  382.349  4.74254  -0.78559  1.40512  
4.70806  4.54969  382.692  5.01939  -1.08592  1.43637  
4.78986  4.53585  382.617  5.00906  -0.547056  1.44445  
4.76031  4.5985  381.822  4.31337  -0.685209  1.51939  
4.82828  4.55627  382.717  5.11183  -0.244179  1.52132  
4.87307  4.53705  382.639  4.93937  -0.0196502  1.55817  
5.00708  4.52672  382.894  5.12519  -0.750521  1.54656  
4.96388  4.56772  382.806  4.9225  -0.45241  1.66129  
5.0681  4.55085  382.483  4.79593  -0.553457  1.62324  
5.08968  4.51947  382.858  5.16011  -0.666031  1.62532  
5.11982  4.58989  382.23  5.01263  -0.49099  1.70077  
5.22485  4.57671  381.948  4.5238  -0.740323  1.71552  
5.21699  4.58414  382.089  4.61406  -0.440502  1.7834  
5.26963  4.53447  382.693  5.14977  -0.574946  1.73392  
5.39701  4.48889  383.142  5.75879  -1.10803  1.772  
5.43962  4.46371  383.288  5.76037  -0.0204473  1.80719  
5.51249  4.51567  382.804  5.19373  -0.106302  1.83515  
5.60967  4.53056  382.317  4.76024  -0.666353  1.80466  
5.5808  4.53299  382.131  4.47754  -0.157224  1.88493  
5.69366  4.55153  382.209  4.59395  -0.897833  1.84485  
5.76022  4.50456  382.712  5.41841  -0.764459  1.88308  
5.80048  4.5229  382.64  5.01378  -1.21222  1.89466  
5.87269  4.5642  382.296  4.87815  -1.24769  1.89302  
5.91993  4.48714  383.123  5.93535  -0.399991  1.98124  
5.95797  4.47814  383.329  6.10746  -0.612389  2.01958  
5.99714  4.51818  382.495  5.06531  -0.772815  2.00256  
5.9797  4.49506  383.091  5.59548  -0.449168  2.10101  
6.03315  4.51464  382.731  5.24096  -1.01453  2.13085  
6.07654  4.5142  382.785  5.22916  -0.930827  2.14566  
6.23877  4.48663  382.939  5.20048  -1.09252  2.12122  
6.30036  4.43884  383.298  5.55447  -1.45553  2.11747  
6.33632  4.48001  382.932  5.48839  -0.745731  2.16637  
6.42959  4.53018  382.134  4.61305  -1.2039  2.23388  
6.4862  4.4746  383.31  5.79099  -1.11565  2.23047  
6.56845  4.47349  382.776  5.20352  -0.718107  2.24693  
6.57627  4.45281  383.181  5.84858  -1.01353  2.31698  
6.65849  4.49385  382.438  4.97906  -1.12422  2.31231  
6.71032  4.44548  383.369  5.56328  -0.619706  2.32288  
6.76152  4.42874  382.951  4.96038  -0.601736  2.32501  
6.794  4.43968  383.037  5.54583  -0.96122  2.37584  
6.82203  4.45266  382.852  5.56619  -1.13205  2.40217  
6.88487  4.4448  383.409  5.80148  -0.679708  2.46362  
6.96777  4.499  381.987  4.66532  -1.42876  2.4752  
7.07095  4.48892  382.918  5.66453  -1.90121  2.45336  
7.13534  4.39496  383.984  6.53464  -1.89622  2.48443  
7.10732  4.45226  383.242  5.87525  -0.276363  2.60789  
7.28272  4.44817  383.087  5.38627  -1.70554  2.53276  
7.3135  4.39591  383.619  6.09138  -0.788315  2.59468  
7.35159  4.40921  383.535  6.1858  -0.732073  2.64856  
7.43155  4.37174  383.831  6.22557  -0.865176  2.61949  
7.51275  4.42368  382.93  5.15376  -1.41396  2.67251  
7.52344  4.37779  383.894  6.45228  -1.75011  2.67062  
7.52832  4.41204  383.61  6.7561  -0.87231  2.80416  
7.62753  4.39081  383.638  6.25388  -0.779477  2.76563  
7.61298  4.44668  383.102  6.00698  -0.831437  2.82434  
7.73822  4.46689  382.959  5.73698  -1.24405  2.81409  
7.77454  4.41773  383.592  6.08526  -0.652149  2.87882  
7.87974  4.36879  383.86  6.29743  -0.405617  2.88174  
7.92505  4.37505  383.691  6.26074  -1.66602  2.86747  
8.02768  4.37283  383.82  5.97087  -1.36936  2.86988  
8.08638  4.37304  383.894  6.03327  -1.29435  2.86497  
8.09059  4.37103  383.907  6.01146  -1.00191  2.986  
8.16843  4.36755  383.879  6.3907  -1.1457  2.96089  
8.25604  4.40467  383.264  5.65209  -1.0994  3.00769  
8.28716  4.39753  383.55  6.3405  -0.783473  3.09738  
8.34931  4.4755  382.63  5.0146  -0.863842  3.07578  
8.42498  4.4085  382.697  5.09766  -1.57535  3.09912  
8.45031  4.38787  383.196  5.7334  -1.26023  3.1391  
8.5098  4.43474  382.785  5.38287  -0.96477  3.20213  
8.58967  4.39773  383.236  5.53804  -0.422423  3.23341  
8.68539  4.37413  383.78  5.99894  -1.41734  3.213  
8.75443  4.33977  384.186  6.58263  -0.52146  3.24756  
8.77644  4.36534  384.058  6.76533  -1.0438  3.25261  
8.87431  4.38966  383.827  6.33554  -2.02096  3.2417  
8.85377  4.31084  384.238  6.81651  -1.27981  3.31614  
8.9419  4.36798  384.03  6.74111  -1.50596  3.31934  
8.99182  4.36772  383.749  6.35371  -1.56279  3.31705  
9.01264  4.39703  383.596  6.39057  -1.19612  3.41202  
9.12807  4.39135  383.397  5.9106  -1.64004  3.36809  
9.14774  4.37293  383.598  6.18917  -1.69711  3.41382  
9.18727  4.40923  383.16  5.75615  -1.28996  3.46639  
9.26513  4.39388  383.69  6.3968  -1.15728  3.51846  
9.30488  4.37565  383.594  6.06577  -1.95502  3.46707  
9.32575  4.46648  382.812  5.54709  -1.72795  3.55508  
9.44178  4.38259  383.578  6.18208  -0.971645  3.55204  
9.52889  4.36177  383.889  6.33695  -1.97297  3.5387  
9.60601  4.34299  383.767  6.06347  -1.55509  3.55907  
9.65802  4.33482  384.391  6.4464  -1.89872  3.58973  
9.7233  4.37859  383.617  6.22011  -1.84635  3.61281  
9.72952  4.31851  384.225  6.7546  -1.2576  3.73691  
9.78321  4.30584  384.042  6.8877  -0.904732  3.76394  
9.88277  4.35909  383.81  6.46009  -2.36461  3.72038  
9.98029  4.33085  383.972  6.41866  -0.778422  3.79628  
10.0162  4.37407  383.465  5.85455  -1.24448  3.83132  
10.114  4.33205  384.112  6.62156  -1.68099  3.83116  
10.1926  4.37136  383.542  6.48322  -1.42102  3.8635  
10.2294  4.34083  383.96  6.3085  -1.71176  3.88458  
10.3105  4.33097  384.118  6.84066  -1.35384  3.89653  
10.3285  4.34922  383.783  6.12582  -1.5373  3.91866  
10.4054  4.33113  383.835  6.64928  -2.08099  3.95407  
10.4617  4.30852  384.38  6.8198  -2.0007  3.99098  
10.5132  4.29744  384.835  7.50135  -1.27185  4.01475  
10.5238  4.37142  383.901  6.39282  -1.4142  4.07114  
10.615  4.30808  384.321  7.13275  -1.31766  4.1097  
10.6843  4.28854  384.593  7.08882  -2.14342  4.12798  
10.7536  4.25636  384.933  7.25783  -1.53958  4.10781  
10.8216  4.33995  383.825  6.36072  -1.35535  4.16045  
10.8944  4.30627  384.26  6.97709  -1.36719  4.20341  
10.9616  4.37512  383.864  6.74451  -1.42032  4.21162  
11.0704  4.30603  384.537  7.50493  -1.35929  4.22655  
11.1017  4.35636  384.004  6.38714  -2.22227  4.23364  
11.1694  4.34765  384.127  6.69047  -2.18023  4.24901  
11.2209  4.35052  383.963  6.47221  -1.76784  4.30579  
11.2806  4.34142  384.079  6.64259  -1.0473  4.34316  
11.3408  4.33621  384.385  6.95903  -2.10983  4.36284  
11.3613  4.28665  384.644  7.05544  -1.58929  4.42503  
11.4116  4.3103  384.065  6.83732  -1.18954  4.45976  
11.4725  4.31201  384.735  7.23313  -1.27008  4.47598  
11.5627  4.31552  384.383  6.69351  -2.03367  4.4636  
11.5578  4.3062  384.471  7.31267  -1.51818  4.54249  
11.6453  4.29786  384.332  7.1111  -1.38531  4.56526  
11.7551  4.31837  384.645  7.00914  -2.12063  4.48816  
11.7485  4.39422  383.691  6.45277  -1.78524  4.53804  
11.8757  4.36754  384.196  6.61327  -1.94534  4.5429  
11.8882  4.38221  383.811  6.10997  -1.27742  4.633  
11.9586  4.34155  384.233  6.54265  -1.23352  4.63994  
12.0055  4.28914  384.944  7.33247  -1.55475  4.687  
12.0717  4.32013  384.23  6.50524  -1.39427  4.67216  
12.1036  4.27104  385.299  7.8029  -1.60153  4.70301  
12.1517  4.33575  384.708  7.45591  -1.90031  4.71786  
12.1684  4.29161  384.819  7.72857  0.0361213  4.79394  
12.2064  4.31398  384.701  7.67104  -1.24629  4.82576  
12.2612  4.3497  384.392  7.18169  -0.910244  4.83919  
12.3271  4.28832  385.206  8.2118  -1.67525  4.84059  
12.3119  4.28211  384.785  7.93168  -1.30269  4.90883  
12.4429  4.3538  384.367  7.17994  -1.95298  4.90229  
12.5472  4.35596  384.153  7.24812  -1.82538  4.9313  
12.5805  4.3147  384.814  7.90996  -1.90075  4.93678  
12.5619  4.30135  384.79  7.7896  -1.21967  5.00258  
12.6843  4.31763  384.699  7.2107  -1.0541  4.99551  
12.7526  4.33634  384.596  7.41002  -1.80942  4.97134  
12.8332  4.28276  385.063  7.75942  -1.82436  4.96982  
12.9124  4.30379  385.004  7.34023  -1.76043  5.00125  
12.9295  4.35281  384.472  7.42209  -1.69318  5.04927  
12.9551  4.30428  384.895  7.86307  -1.58265  5.04756  
13.016  4.2673  385.017  7.93455  -1.51897  5.08587  
13.0392  4.35729  384.409  7.26621  -1.97418  5.17339  
13.1008  4.35774  384.256  7.18866  -1.85189  5.18659  
13.164  4.29847  384.976  8.10089  -2.05981  5.18901  
13.2245  4.28069  385.287  8.02173  -1.71041  5.20156  
13.2622  4.32726  384.72  7.50099  -2.08641  5.22818  
13.3305  4.28115  385.174  8.25341  -1.63367  5.27509  
13.3457  4.30759  384.856  7.75612  -2.20383  5.24677  
13.3537  4.34691  384.783  7.59234  -1.65872  5.36354  
13.4821  4.30566  384.848  7.97858  -2.19027  5.30335  
13.5466  4.28986  385.163  8.45416  -2.08422  5.34375  
13.5065  4.34345  384.833  7.7028  -2.21171  5.38709  
13.5727  4.39553  384.352  7.13335  -2.55338  5.31925  
13.5574  4.39302  384.65  7.67389  -2.40521  5.31744  
13.617  4.46554  384.66  7.68542  -2.18789  5.30891  
13.6664  4.5258  384.562  7.66032  -1.59124  5.28626  
13.697  4.51996  385.209  8.57105  -1.67248  5.24936  
13.7116  4.62362  384.086  7.18257  -2.41732  5.23634  
13.7616  4.68075  384.608  8.24017  -1.23978  5.23861  
13.7543  4.71053  384.599  8.53884  -1.72749  5.2191  
13.8084  4.79272  384.492  8.8921  -1.9664  5.20627  
13.8908  4.87042  384.472  8.61976  -2.27209  5.1355  
13.86  4.95435  384.469  8.76902  -1.88805  5.12817  
13.9526  4.97129  384.162  8.92038  -1.85572  5.07312  
13.9021  5.09237  383.772  8.55022  -1.74446  5.14512  
13.9885  5.11983  383.918  9.03264  -2.2423  5.03297  
14.0503  5.24059  383.355  8.25291  -2.39835  5.0444  
14.0626  5.26653  383.43  8.69172  -2.00029  5.04039  
14.131  5.33378  383.374  9.28525  -2.14672  4.99938  
14.1407  5.35404  383.656  9.17593  -2.18937  4.96075  
14.2166  5.45149  383.264  9.22406  -2.50984  4.92386  
14.2397  5.46763  383.522  9.22632  -1.70985  4.9776  
14.3291  5.63767  382.494  8.4161  -3.15929  4.86331  
14.2925  5.6128  383.113  9.52416  -2.55649  4.88402  
14.3682  5.6806  383.162  9.73229  -2.58956  4.8048  
14.4129  5.79488  382.689  9.28155  -2.55139  4.83622  
14.4461  5.81944  382.93  9.58432  -1.65214  4.83178  
14.4882  5.91491  382.541  8.91208  -2.26959  4.8173  
14.4997  6.03527  381.818  9.15925  -2.41141  4.79766  
14.5174  6.07708  381.789  8.90804  -2.80124  4.76799  
14.6034  6.10117  382.465  9.79121  -2.62946  4.67276  
14.614  6.1871  381.865  9.7209  -3.18746  4.62786  
14.6064  6.31921  381.644  9.63228  -2.94063  4.66341  
14.6422  6.41804  381.058  8.90737  -2.55563  4.6508  
14.6987  6.55606  380.113  8.81709  -3.5294  4.5917  
14.6988  6.45379  381.432  9.76706  -3.03368  4.61566  
14.7838  6.4669  381.505  10.2939  -3.25241  4.51051  
14.8304  6.60026  381.229  9.70651  -3.47968  4.51335  
14.8226  6.71606  380.968  9.62369  -3.01759  4.55567  
14.9005  6.75202  380.516  9.53092  -2.40951  4.52529  
14.9857  6.765  381.295  9.9474  -2.87301  4.48904  
15.0516  6.93483  380.519  9.77393  -3.4093  4.38395  
15.0667  7.01586  380.327  9.0979  -3.05713  4.41591  
15.1017  6.96923  381.011  10.6039  -2.84831  4.35144  
15.1212  7.07542  380.514  10.1995  -3.04411  4.34566  
15.1714  7.12007  380.374  10.2167  -3.09616  4.32741  
15.1638  7.29516  379.726  9.69601  -3.50149  4.30465  
15.1854  7.23073  380.558  10.6236  -3.21448  4.28834  
15.2405  7.38455  379.635  10.0436  -3.48808  4.27052  
15.276  7.33342  380.239  11.2347  -3.45019  4.22787  
15.3566  7.57619  379.262  9.71143  -3.97214  4.19604  
15.3644  7.48717  380.377  10.8818  -3.65488  4.1538  
15.3704  7.61872  379.712  10.3632  -2.90673  4.20281  
15.4279  7.68962  379.214  10.6608  -3.24235  4.10247  
15.4621  7.78502  379.328  10.8051  -3.66202  4.08285  
15.4973  7.78479  379.477  10.879  -3.14065  4.11028  
15.5031  7.92126  379.067  10.6363  -3.45111  4.09309  
15.5234  7.90896  379.194  11.2637  -3.35218  4.06441  
15.5928  7.96246  379.375  11.5391  -3.85624  3.97277  
15.648  8.05981  379.053  11.3421  -3.85172  3.9834  
15.6773  8.2879  377.864  9.94401  -4.042  3.96368  
15.7142  8.34375  377.368  10.1094  -4.62722  3.91769  
15.7506  8.30311  378.547  11.581  -3.74714  3.91991  
15.7578  8.40564  378.083  11.1948  -3.93463  3.89082  
15.8708  8.49212  378.103  11.2866  -4.12303  3.80739  
15.8798  8.59983  377.799  10.5158  -4.02572  3.83847  
15.8496  8.60834  378.146  11.6234  -4.7014  3.79076  
16.0046  8.6995  377.787  11.2176  -4.20727  3.73676  
16.023  8.78653  377.741  11.3788  -3.88865  3.75603  
16.0771  8.67951  378.798  12.5188  -3.56399  3.68156  
16.1742  8.91442  377.626  11.5077  -3.95254  3.62433  
16.155  8.93806  377.567  12.1493  -3.95905  3.63909  
16.1796  8.92916  377.94  12.5134  -4.39366  3.57629  
16.1787  9.0444  377.751  12.2363  -4.44994  3.5981  
16.2531  9.06426  377.873  12.5004  -4.11024  3.5372  
16.3089  9.20002  377.268  11.9718  -4.66626  3.4748  
16.3232  9.26441  377.398  12.3628  -3.68359  3.55708  
16.3136  9.29442  377.739  12.5316  -4.15152  3.50985  
16.3963  9.41078  377.193  12.2825  -3.72795  3.47717  
16.3877  9.43341  377.143  12.9048  -4.03684  3.45251  
16.4892  9.56878  376.749  12.455  -4.11672  3.38816  
16.515  9.66975  376.425  12.0732  -3.95487  3.39173  
16.5594  9.7682  376.281  12.2182  -4.48484  3.37489  
16.5621  9.79511  376.143  12.6696  -4.03073  3.36612  
16.6179  9.90424  376.089  11.9831  -4.75875  3.31632  
16.668  9.94297  375.954  12.3876  -4.14819  3.29345  
16.7025  10.0303  375.978  12.5044  -5.16871  3.21816  
16.7764  10.129  375.851  12.6184  -4.39602  3.21809  
16.7322  10.102  376.048  12.9848  -4.97081  3.18998  
16.7773  10.2082  375.834  13.1045  -4.79073  3.20506  
16.8123  10.2143  376.271  13.3588  -4.5975  3.15853  
16.8223  10.3797  375.328  12.9684  -4.50746  3.12941  
16.9055  10.3988  375.612  13.2297  -4.49856  3.07826  
16.9357  10.447  375.646  13.3682  -4.29876  3.09258  
16.9123  10.5994  375.077  13.1728  -5.08137  3.04792  
16.9747  10.5874  375.515  13.5075  -5.44316  2.99857  
16.9729  10.7013  374.883  13.4268  -5.14357  3.01607  
17.0494  10.6609  375.223  14.135  -4.38099  2.99354  
17.0626  10.7332  374.909  13.1737  -5.15586  2.96042  
17.0245  10.7038  374.972  13.4538  -5.14836  3.02785  
17.0322  10.7036  374.831  12.8725  -5.73899  3.02396  
17.0565  10.6643  374.817  12.804  -4.82873  3.11325  
17.025  10.5475  375.223  13.6206  -4.88819  3.15974  
16.9811  10.4119  375.662  14.3657  -4.86195  3.22393  
17.0445  10.3578  375.531  14.096  -4.61915  3.23438  
17.0126  10.4047  375.131  13.4087  -4.93078  3.2925  
16.9749  10.2699  375.505  14.3178  -4.27076  3.38326  
17.047  10.2839  375.397  13.6716  -4.60489  3.38277  
16.9221  10.2598  375.075  14.0877  -4.89987  3.4793  
16.9458  10.1946  375.186  13.8621  -4.86458  3.4958  
16.9137  10.1817  374.966  13.5521  -4.96573  3.56461  
16.8837  10.0564  375.126  14.3728  -4.5057  3.62703  
16.9371  10.1585  374.623  13.5701  -4.68892  3.65786  
16.9178  10.1044  374.775  13.7286  -5.22052  3.65291  
16.9173  9.96509  375.281  13.7769  -4.80398  3.73583  
16.9166  9.94776  375.011  14.1083  -4.68192  3.75488  
16.926  9.80383  375.456  14.6495  -4.33798  3.84201  
16.9096  9.79588  375.174  14.4912  -4.54665  3.87605  
16.9368  9.81976  375.175  13.8447  -4.82785  3.94895  
16.8316  9.74667  375.083  14.5034  -5.15056  4.01701  
16.8485  9.66141  375.085  14.4702  -4.7351  4.07619  
16.8401  9.7276  374.776  14.2053  -5.05589  4.08314  
16.8449  9.62053  374.978  14.3503  -5.15606  4.11906  
16.8556  9.6248  374.693  14.2917  -4.91538  4.16702  
16.7848  9.59675  374.457  13.9892  -5.58649  4.21686  
16.8369  9.54942  374.643  14.1243  -5.05602  4.26915  
16.8011  9.44302  375.142  14.5013  -5.048  4.34857  
16.8416  9.38791  375.075  14.4588  -5.30904  4.34099  
16.7453  9.31205  374.988  14.8703  -5.66898  4.40419  
16.8469  9.29393  374.947  14.4934  -4.25726  4.47642  
16.7584  9.26036  375.1  14.6101  -4.90087  4.53611  
16.7755  9.24356  374.774  14.4444  -4.87738  4.5917  
16.7913  9.18678  375.031  14.1455  -5.05295  4.6503  
16.791  9.19547  374.848  14.1931  -5.30157  4.65151  
16.7624  9.11443  374.982  14.4711  -5.18091  4.73924  
16.796  9.13463  374.549  14.3835  -5.20029  4.73333  
16.727  9.06854  374.561  14.5825  -5.06208  4.83476  
16.7283  8.94875  374.9  14.9979  -5.19435  4.85677  
16.749  8.96416  374.721  14.6653  -5.50821  4.86427  
16.7631  8.93515  374.967  14.5675  -5.40842  4.89114  
16.7339  8.94127  374.625  14.0231  -5.09732  4.945  
16.677  8.82088  374.898  14.845  -4.07887  4.9828  
16.6451  8.69447  374.824  13.9394  -4.93402  4.89665  
16.5773  8.37372  375.231  14.4714  -4.15617  4.85876  
16.5087  8.20332  375.775  14.4329  -4.34327  4.82471  
16.4129  8.1351  375.759  13.7459  -4.6981  4.83807  
16.3786  7.91757  375.506  13.4296  -4.3783  4.72152  
16.287  7.7632  375.813  13.5245  -4.43972  4.72595  
16.1483  7.38612  376.676  14.2333  -4.56336  4.69135  
16.0439  7.27701  376.469  14.0121  -4.2247  4.69833  
16.0262  7.04511  376.668  13.9363  -4.50068  4.56363  
15.934  6.92123  376.598  13.3531  -3.38205  4.63005  
15.777  6.65402  377.122  13.432  -4.1502  4.5534  
15.7769  6.53336  377.045  12.8553  -3.64854  4.55652  
15.6588  6.29635  377.333  13.1557  -4.32213  4.44761  
15.6239  6.19486  377.024  12.5709  -3.99176  4.45136  
15.462  5.77398  378.057  13.7744  -3.11803  4.40412  
15.4419  5.67291  377.889  13.2543  -3.5655  4.36015  
15.3134  5.43411  378.26  12.9739  -3.11383  4.35118  
15.2904  5.3433  378.231  12.023  -3.67385  4.28011  
15.17  5.071  378.626  12.6082  -3.05212  4.26208  
15.0253  4.91473  378.732  12.4212  -3.79641  4.22737  
14.9302  4.60959  379.396  13.2403  -3.22525  4.20648  
14.9283  4.69535  378.881  12.5911  -2.29572  4.25759  
14.8682  4.70532  378.939  12.5583  -2.83298  4.24236  
14.871  4.78782  378.44  12.6448  -2.74571  4.20687  
14.9023  4.83783  378.69  12.4577  -2.96751  4.14717  
14.8721  4.81097  378.926  12.4804  -2.7961  4.17251  
14.8223  4.94967  378.168  11.9645  -2.99308  4.11979  
14.805  4.91593  378.729  12.5318  -3.75637  4.11007  
14.8179  4.98555  378.681  12.1986  -3.2372  4.10237  
14.7983  4.97533  378.651  12.3945  -3.0806  4.10634  
14.7369  5.09662  378.34  12.0096  -3.12922  4.08651  
14.6869  5.06022  378.763  12.3797  -3.11945  4.09731  
14.5936  5.08371  378.822  12.9914  -3.52983  4.08774  
14.6264  5.13592  378.622  12.5414  -2.89272  4.10818  
14.6743  5.15536  378.572  12.5887  -2.57479  4.04644  
14.5508  5.12177  379.074  13.2255  -2.67871  4.10457  
14.584  5.19651  378.714  12.9731  -2.60554  4.06064  
14.5143  5.2578  378.883  12.9038  -2.84688  4.05217  
14.456  5.32109  378.46  13.0175  -2.83958  4.03188  
14.4501  5.33568  378.783  13.288  -2.82993  4.00425  
14.3885  5.3486  378.846  13.2524  -2.74036  4.04121  
14.4087  5.40164  378.746  13.2135  -2.98838  3.96301  
14.4072  5.42704  378.675  13.0804  -2.904  3.96481  
14.4022  5.51575  378.548  12.7878  -2.99641  3.93083  
14.3608  5.57196  378.49  12.6751  -2.64304  3.96058  
14.3277  5.61119  378.268  12.3584  -3.04948  3.94503  
14.2951  5.61479  378.507  12.8998  -2.54784  3.93207  
14.2733  5.68082  378.278  12.8326  -2.50428  3.91464  
14.1961  5.79287  377.781  12.3577  -2.43271  3.9644  
14.2529  5.85397  377.985  11.8772  -2.54733  3.91233  
14.1831  5.83201  378.08  12.3001  -3.42817  3.86538  
14.1644  5.91097  377.788  12.2541  -2.87308  3.85859  
14.0608  6.03439  377.059  11.8481  -3.23084  3.90205  
14.0966  6.0387  377.458  11.9379  -3.23961  3.85432  
14.0683  6.01401  377.603  12.4875  -2.94095  3.82714  
14.0993  6.03132  377.88  12.7202  -2.89844  3.81246  
14.026  6.10314  377.491  12.2297  -3.50338  3.82194  
14.0277  6.07779  378.008  12.8074  -2.98863  3.77996  
13.9444  6.11269  377.972  13.2713  -2.70371  3.80606  
13.8969  6.18392  377.863  12.9215  -2.35382  3.8211  
13.8588  6.21808  377.829  13.1858  -2.26933  3.80419  
13.8496  6.26004  377.883  12.5326  -2.48244  3.79124  
13.849  6.3156  377.732  12.5677  -2.84258  3.77264  
13.8325  6.32643  377.824  12.8811  -2.63504  3.73975  
13.7819  6.43708  377.64  12.1601  -2.77486  3.76776  
13.7037  6.36412  377.836  13.0485  -2.64405  3.77302  
13.7466  6.39341  378.09  13.005  -2.59434  3.69369  
13.7006  6.41255  378.06  13.0582  -2.24999  3.72063  
13.6721  6.47752  378.086  13.1262  -2.70227  3.66746  
13.6488  6.418  378.402  13.9582  -2.13651  3.68871  
13.621  6.56976  377.791  13.0856  -3.34889  3.62581  
13.5601  6.6453  377.713  12.772  -2.95886  3.66206  
13.5759  6.61855  377.893  13.2743  -2.67069  3.6096  
13.5743  6.71743  377.536  12.7745  -2.59682  3.6294  
13.5185  6.74914  377.787  13.0349  -3.12167  3.59421  
13.4962  6.82475  377.417  12.6444  -3.23361  3.5515  
13.4246  6.87441  377.221  12.9174  -3.40034  3.58413  
13.4365  6.93475  377.021  12.681  -2.18046  3.62765  
13.4244  6.92225  377.723  12.7055  -3.12208  3.54053  
13.3859  6.99036  377.355  12.5001  -2.68696  3.58662  
13.3622  7.05191  377.354  12.6049  -3.01978  3.53771  
13.3202  7.01987  377.461  13.0437  -2.63709  3.56373  
13.2552  7.19062  376.667  12.0631  -2.55414  3.58093  
13.2526  7.178  377.141  12.4065  -3.00393  3.54357  
13.244  7.18813  376.938  12.7012  -2.63419  3.51381  
13.2821  7.23803  377.184  12.3784  -2.52741  3.45471  
13.2202  7.31066  376.648  12.1976  -3.61193  3.43486  
13.1743  7.37701  376.709  11.9487  -3.0459  3.46665  
13.1506  7.38992  376.819  12.4426  -2.91179  3.44953  
13.1  7.43879  376.785  12.2326  -2.63009  3.47593  
13.0715  7.49148  376.934  12.2506  -3.20943  3.42873  
13.1083  7.54749  376.822  11.8808  -2.68484  3.42163  
13.0603  7.48782  377.01  12.6559  -2.73163  3.40311  
13.0572  7.47082  377.48  13.0077  -2.7198  3.33682  
13.0175  7.69331  376.462  11.7314  -2.78932  3.38988  
13.0123  7.67897  376.686  12.1587  -2.99454  3.35285  
13.0082  7.70618  376.686  12.1489  -2.98503  3.32494  
12.9216  7.69105  377.002  12.8544  -2.88382  3.33003  
12.8867  7.72148  377.155  12.7859  -3.33055  3.29556  
12.8701  7.78066  376.564  12.6091  -2.72827  3.33969  
12.8731  7.75292  377.131  12.8978  -2.55441  3.28991  
12.8366  7.87828  376.819  12.4478  -2.85958  3.29908  
12.8228  7.82194  377.204  13.066  -2.49414  3.26223  
12.7721  7.83888  377.4  13.3124  -2.54377  3.27941  
12.7426  7.94413  376.728  12.8579  -2.62693  3.25527  
12.7083  7.93993  377.2  12.9262  -3.07127  3.24978  
12.6435  8.04609  376.787  12.6824  -2.99044  3.21429  
12.6387  8.11939  376.525  12.2969  -3.07761  3.22855  
12.5705  8.17231  376.401  12.6267  -2.92974  3.23739  
12.5673  8.1976  376.346  12.6706  -3.31827  3.18445  
12.5524  8.25694  376.286  12.5095  -3.33949  3.17691  
12.5307  8.29947  376.375  12.292  -3.54645  3.14299  
12.5155  8.34107  376.284  12.54  -2.98585  3.1562  
12.4956  8.39066  376.155  11.9952  -3.48945  3.13969  
12.4844  8.44648  376.103  11.8494  -3.53404  3.11695  
12.4021  8.43322  376.49  12.3552  -2.97369  3.17198  
12.3885  8.47338  376.548  12.5483  -3.23934  3.11866  
12.3893  8.56731  376.11  12.1318  -2.67448  3.11733  
12.3479  8.59058  376.137  12.217  -3.22158  3.09666  
12.3603  8.6827  375.797  11.625  -3.35938  3.08151  
12.32  8.68748  376.104  12.2641  -3.11076  3.04648  
12.2709  8.71646  376.072  12.1486  -3.38333  3.04486  
12.2528  8.74702  376.079  12.0507  -2.68973  3.07038  
12.2556  8.75466  376.261  12.1929  -2.79334  3.04035  
12.2149  8.83076  376.296  12.0421  -2.77766  3.05862  
12.2145  8.83425  376.371  12.1556  -2.9238  2.98738  
12.1737  8.76956  376.58  13.1015  -2.41277  2.96195  
12.1289  8.80755  376.602  13.097  -3.19934  2.9533  
12.0968  8.8869  376.607  12.8665  -2.76016  2.95071  
12.0491  8.96459  376.474  12.4112  -2.68386  2.9679  
12.05  9.04081  376.172  12.4358  -2.24259  2.95279  
12.0459  9.06435  376.224  12.6638  -2.76461  2.92875  
12.0212  9.11438  375.938  12.4887  -2.75794  2.89555  
11.9544  9.19073  375.847  12.054  -3.27049  2.91338  
11.914  9.24515  375.444  12.1679  -2.84579  2.90647  
11.9222  9.21873  375.857  12.2074  -2.97844  2.91774  
11.8369  9.3301  375.328  12.1354  -2.94164  2.91182  
11.8993  9.34433  375.701  11.9422  -3.01945  2.86303  
11.8876  9.36418  375.562  11.8507  -2.54156  2.89142  
11.8168  9.41282  375.622  12.5277  -2.95751  2.8628  
11.7916  9.44234  375.867  12.125  -3.09008  2.83643  
11.7533  9.55735  375.133  11.7898  -3.11678  2.84537  
11.665  9.50565  375.694  12.7568  -2.74893  2.84354  
11.6604  9.57978  375.272  12.3949  -3.23535  2.81273  
11.6131  9.58826  375.551  12.509  -3.70275  2.80676  
11.6642  9.74352  375.09  11.5338  -3.86052  2.74241  
11.6032  9.69538  375.491  12.4309  -3.09669  2.77536  
11.5394  9.72732  375.673  12.3788  -3.43185  2.7818  
11.5416  9.70281  375.587  12.8084  -3.17879  2.74738  
11.4648  9.74593  375.789  12.6315  -3.26575  2.77921  
11.4772  9.78161  375.913  12.8001  -3.15225  2.71444  
11.5042  9.83003  375.858  12.5947  -3.02914  2.69763  
11.4279  9.93594  375.466  12.1855  -2.98072  2.72319  
11.4399  10.0124  375.082  11.6257  -3.36196  2.68037  
11.3701  9.95682  375.788  12.8189  -3.50487  2.66018  
11.3928  10.0883  375.275  11.9106  -3.04607  2.67401  
11.3714  10.1457  375.254  11.9557  -3.05323  2.65758  
11.3513  10.1352  375.467  12.2817  -2.7736  2.66276  
11.3279  10.1978  375.439  12.2872  -2.57592  2.6608  
11.2912  10.1997  375.343  12.2154  -3.19338  2.63735  
11.2773  10.1454  375.826  12.976  -2.61008  2.58454  
11.2323  10.2753  375.108  12.4898  -2.6183  2.632  
11.1539  10.4172  374.425  11.9279  -3.1697  2.61212  
11.1436  10.4029  375.046  11.8532  -3.53986  2.57422  
11.1028  10.4605  374.862  12.0367  -3.14305  2.5779  
11.0348  10.5367  374.464  11.6874  -3.36239  2.60331  
11.0624  10.5141  374.745  12.4384  -3.53695  2.53236  
11.1002  10.5265  374.663  12.4417  -3.39236  2.47376  
11.0156  10.6293  374.812  11.6729  -3.42826  2.5003  
11.0336  10.6476  374.854  11.9192  -2.97977  2.51269  
10.9552  10.6379  374.891  12.595  -2.73618  2.51188  
10.9421  10.7218  374.858  12.102  -3.21334  2.47151  
10.8836  10.7527  374.836  12.2249  -2.77091  2.51302  
10.8598  10.6961  375.01  13.0309  -2.89316  2.46655  
10.8095  10.844  374.842  12.2083  -2.77752  2.49988  
10.8396  10.8527  374.68  12.2845  -3.21756  2.44141  
10.7887  10.9132  374.31  12.3211  -3.15797  2.47534  
10.7962  11.0158  374.32  11.8527  -2.43631  2.45273  
10.7209  11.0097  374.365  12.1397  -3.79379  2.37119  
10.7667  11.0798  374.439  11.7766  -3.15738  2.38375  
10.6926  11.0639  374.758  12.3708  -2.85992  2.38675  
10.6831  11.0471  375.052  12.5614  -2.64361  2.3869  
10.6506  11.0248  374.862  13.1973  -2.55225  2.38778  
10.6312  11.1438  374.729  12.6236  -2.2693  2.40745  
10.6057  11.2312  374.425  12.2584  -3.00061  2.35361  
10.5945  11.184  375.07  12.9451  -3.50836  2.31029  
10.5514  11.2008  374.813  12.8906  -3.16425  2.29125  
10.523  11.3408  374.435  12.2503  -2.93103  2.31764  
10.4721  11.3902  374.071  12.1759  -3.21101  2.31818  
10.4563  11.4773  373.933  11.7779  -3.73883  2.27581  
10.4025  11.5594  373.962  11.508  -3.52759  2.2888  
10.3996  11.4767  374.369  12.3784  -3.25069  2.22911  
10.3302  11.5363  374.261  12.1682  -3.24516  2.28075  
10.3213  11.5865  374.096  12.1598  -2.75526  2.23478  
10.2705  11.6156  373.919  12.5451  -2.81663  2.247  
10.2999  11.7115  373.905  11.6887  -3.04329  2.21826  
10.2869  11.6437  374.328  12.4395  -2.5183  2.2177  
10.2478  11.572  374.55  13.0436  -3.21082  2.18627  
10.2495  11.6708  374.064  12.2994  -3.32569  2.17402  
10.1709  11.6562  373.893  11.7535  -2.79452  2.19794  
10.0689  11.5326  374.261  12.6125  -2.96775  2.16225  
10.037  11.5949  373.844  11.6231  -2.9334  2.14811  
9.92299  11.4632  374.359  12.7411  -3.05091  2.11257  
9.90493  11.5273  373.921  11.9165  -3.33417  2.00806  
9.78365  11.322  374.934  13.2222  -3.19856  1.99586  
9.68454  11.3925  374.294  12.6928  -2.78244  2.01742  
9.63733  11.3907  374.056  11.9402  -3.33571  1.94325  
9.52599  11.342  374.147  12.0768  -3.36073  1.96362  
9.43132  11.3079  373.932  12.2154  -3.17251  1.95472  
9.34414  11.2521  374.398  12.208  -3.59138  1.92062  
9.32301  11.281  373.942  11.5498  -3.93444  1.8719  
9.22426  11.1955  374.425  12.1408  -3.78359  1.82813  
9.18596  11.1617  374.363  12.0516  -2.49512  1.84023  
9.08573  11.0365  375.154  12.5875  -3.14316  1.77476  
9.06008  10.9668  375.247  12.8934  -3.61424  1.71048  
8.96188  11.023  374.695  12.175  -3.51432  1.68618  
8.85299  10.9592  374.557  12.5894  -3.26899  1.71333  
8.7689  11.0418  374.265  11.1368  -3.64127  1.67874  
8.73933  11.0268  374.02  11.285  -4.2245  1.62616  
8.62387  10.9797  374.274  11.5189  -3.90029  1.58695  
8.59295  10.9324  374.295  11.6085  -4.01262  1.5566  
8.40258  10.8332  374.543  12.2689  -3.42042  1.57425  
8.36421  10.7714  374.787  12.2652  -3.4953  1.52383  
8.30008  10.7274  374.759  12.2952  -3.20151  1.51698  
8.2585  10.7326  374.759  11.7673  -3.59188  1.49086  
8.18756  10.6937  374.604  11.9167  -3.33352  1.43473  
8.08595  10.6716  374.606  11.5448  -3.56722  1.45122  
8.02632  10.6315  374.525  11.804  -3.48587  1.37971  
7.992  10.604  374.535  11.5389  -3.68887  1.32977  
7.85379  10.5651  374.531  11.9354  -3.88818  1.28878  
7.85587  10.5724  374.277  11.335  -4.0088  1.24956  
7.74411  10.5915  374.056  10.9561  -4.01253  1.25305  
7.63737  10.5361  374.32  11.032  -4.54592  1.22851  
7.55887  10.4954  374.099  11.2966  -4.18128  1.21389  
7.47195  10.4023  374.829  11.8865  -3.94767  1.18044  
7.37376  10.2944  375.139  12.1052  -3.73858  1.15778  
7.28842  10.2612  375.007  12.1258  -4.0215  1.10851  
7.21939  10.28  374.733  11.7072  -3.83153  1.07087  
7.16436  10.3319  374.398  10.862  -4.09014  1.05531  
7.08334  10.2572  374.375  11.0671  -3.78031  1.03317  
7.05832  10.2516  374.441  10.8184  -4.20965  0.984035  
6.89375  10.1041  374.915  11.9396  -4.11259  0.988905  
6.89027  10.1711  374.36  11.1219  -4.37348  0.929686  
6.7425  10.089  374.539  11.8012  -4.04922  0.923653  
6.68184  10.1298  374.185  10.9895  -4.23225  0.88579  
6.59886  10.0683  374.282  11.0935  -3.96844  0.847188  
6.51877  10.0613  374.057  10.9672  -4.12326  0.84591  
6.49224  9.94424  374.765  11.3834  -4.1398  0.751792  
6.40601  9.95287  374.353  11.1918  -4.45069  0.748913  
6.32862  9.97211  374.089  10.907  -4.40491  0.716799  
6.28615  9.86363  374.714  11.1287  -4.36148  0.703617  
6.18035  9.82795  374.767  11.0677  -3.99509  0.661842  
6.12623  9.78815  374.886  11.1823  -3.90325  0.651537  
5.99643  9.73175  375.016  10.9725  -4.32997  0.626048  
5.91159  9.69615  374.758  11.1973  -4.15094  0.637266  
5.80285  9.68228  374.838  10.7928  -4.80785  0.608201  
5.78524  9.61056  374.879  11.3292  -3.89423  0.551495  
5.70591  9.62531  374.654  10.8387  -4.6299  0.492219  
5.62423  9.5019  375.285  11.557  -4.79434  0.473891  
5.56075  9.61142  374.189  10.2587  -4.70462  0.437692  
5.49076  9.55085  374.582  10.8834  -4.87166  0.396278  
5.39523  9.52525  374.345  10.3932  -5.19103  0.358745  
5.35867  9.53438  374.161  10.0364  -4.76295  0.349705  
5.23446  9.45825  374.39  10.5016  -4.83349  0.325701  
5.17459  9.39962  374.583  11.0225  -4.32146  0.328432  
5.04387  9.3789  374.323  10.9824  -4.56109  0.320913  
4.99915  9.36064  374.503  10.6546  -4.65105  0.284676  
4.92436  9.27829  374.838  10.7279  -4.72015  0.223216  
4.88728  9.25837  374.666  10.5274  -4.34635  0.213221  
4.77035  9.17555  374.988  11.1075  -4.77342  0.170387  
4.73692  9.15941  375.061  10.8046  -4.69523  0.148426  
4.64724  9.18124  374.693  10.458  -4.85096  0.102803  
4.58415  9.16562  374.516  10.4029  -4.27577  0.0893324  
4.45487  9.13225  374.453  10.4706  -4.79852  0.0877987  
4.44826  9.13178  374.29  10.0649  -4.33488  0.0724882  
4.35019  9.02448  374.612  10.7456  -5.15301  -0.0337959  
4.2257  9.00466  374.731  10.4112  -4.83308  0.0228504  
4.17129  8.97546  374.54  10.4302  -5.08341  -0.0548311  
4.10531  8.89529  374.916  10.7092  -4.80373  -0.0774399  
4.02831  8.86731  375.063  10.6757  -4.6558  -0.108112  
3.95514  8.82945  375.022  10.82  -4.5888  -0.11348  
3.87729  8.77742  375.283  10.6588  -5.1394  -0.196138  
3.81093  8.7912  374.913  10.5395  -4.71304  -0.157109  
3.70981  8.7262  374.893  10.6526  -4.76277  -0.190672  
3.69927  8.7301  374.744  10.348  -4.95348  -0.273541  
3.49128  8.64589  375.081  10.935  -5.01573  -0.234688  
3.47597  8.70991  374.249  9.84134  -4.4485  -0.260649  
3.36627  8.60628  374.596  10.197  -5.69689  -0.34661  
3.33135  8.60762  374.678  10.2505  -5.58598  -0.368081  
3.22044  8.54099  374.976  10.615  -5.78936  -0.390801  
3.18278  8.49056  375.208  10.6855  -6.25654  -0.434123  
3.1103  8.52269  374.532  10.1257  -5.31835  -0.432889  
3.02416  8.49009  374.422  9.95569  -5.84214  -0.444436  
2.9618  8.39633  375.142  10.2831  -5.12979  -0.490544  
2.83415  8.33819  375.36  10.4862  -5.81401  -0.541079  
2.76969  8.32558  375.233  10.1463  -5.24494  -0.530618  
2.69831  8.2582  375.191  10.6179  -5.41751  -0.570502  
2.62258  8.27895  375.009  10.4872  -5.29591  -0.548738  
2.51399  8.22543  375.123  10.7347  -5.1816  -0.568223  
2.48961  8.20159  375.031  10.15  -5.70085  -0.666404  
2.44997  8.14694  375.235  10.2679  -5.25972  -0.700848  
2.31381  8.1418  375.033  9.97728  -5.56144  -0.71823  
2.23505  8.10559  375.151  10.3547  -5.99785  -0.777202  
2.21795  8.147  374.407  9.78304  -5.48661  -0.757475  
2.11306  8.04899  375.002  10.0759  -5.81372  -0.806143  
2.0184  8.05691  374.613  9.65168  -5.64024  -0.807963  
1.89079  7.96909  375.1  9.96174  -5.82832  -0.866543  
1.7745  7.89205  375.465  10.1713  -6.0947  -0.924464  
1.73414  7.868  375.117  9.6707  -5.90822  -0.937721  
1.66802  7.89385  374.813  9.61099  -6.14694  -0.969825  
1.60432  7.79604  375.4  9.82663  -5.22707  -0.977985  
1.51048  7.70567  375.818  10.0645  -5.63791  -1.02721  
1.45919  7.7303  375.551  10.0831  -6.15935  -1.05553  
1.38521  7.77494  374.564  9.42215  -5.59224  -1.05664  
1.3248  7.63446  375.597  10.2334  -5.78039  -1.11464  
1.26118  7.73434  374.448  9.20597  -5.93644  -1.12544  
1.15488  7.68401  374.619  9.30967  -5.38366  -1.10687  
1.07765  7.62443  374.897  9.72655  -5.89046  -1.18882  
0.98  7.54512  375.262  10.6318  -6.03038  -1.21132  
0.911662  7.567  374.869  9.70505  -6.0721  -1.23837  
0.820034  7.4569  375.608  10.25  -5.9623  -1.24618  
0.739956  7.41149  375.644  10.1784  -6.23968  -1.27143  
0.686147  7.41022  375.443  9.7831  -5.95676  -1.29967  
0.605803  7.36793  375.432  9.87212  -5.43989  -1.31036  
0.514788  7.32641  375.453  9.93558  -5.91333  -1.37903  
0.441922  7.38374  374.572  9.41415  -6.13878  -1.4045  
0.349471  7.25975  375.478  9.67283  -5.73587  -1.38501  
0.290858  7.30434  374.951  9.27315  -6.1808  -1.44022  
0.215062  7.23701  375.442  9.51829  -6.16515  -1.45955  
0.145642  7.20866  375.44  9.35467  -6.01028  -1.50253  
0.134034  7.211  374.799  9.27765  -6.20648  -1.56634  
-0.0542794  7.10195  375.617  9.75773  -6.47549  -1.54584  
-0.125834  6.99714  375.877  10.5654  -6.03228  -1.56433  
-0.189272  6.99515  375.638  9.80151  -6.54242  -1.63812  
-0.280773  6.93365  376.012  10.1836  -6.2205  -1.64508  
-0.291918  6.97011  375.401  9.4287  -6.05183  -1.68449  
-0.390938  7.01688  374.832  8.88814  -6.45866  -1.69771  
-0.403474  6.98647  374.71  8.89658  -5.89969  -1.73785  
-0.531483  6.91661  375.384  9.52205  -6.51772  -1.75673  
-0.639463  6.87171  375.325  9.22848  -6.73954  -1.78657  
-0.684376  6.82751  375.378  9.39169  -6.4189  -1.79682  
-0.799284  6.75314  375.61  9.66624  -6.3994  -1.84702  
-0.861021  6.7408  375.668  9.54961  -6.44266  -1.86528  
-0.884882  6.75202  375.305  9.19903  -6.87002  -1.94242  
-0.929479  6.7229  375.287  9.18886  -6.85153  -1.95161  
-0.947578  6.70208  375.506  9.37053  -7.03727  -1.95873  
-0.991575  6.69008  375.527  9.71572  -6.5426  -1.91604  
-0.966987  6.66883  375.808  9.4389  -6.02675  -1.91179  
-0.997346  6.76536  375.156  8.91651  -6.54232  -1.88037  
-1.00526  6.70826  375.514  9.3058  -5.8886  -1.85101  
-1.01651  6.76431  375.231  8.74625  -6.32687  -1.86337  
-1.04893  6.75222  375.397  8.98942  -6.39416  -1.83544  
-1.0358  6.72634  375.833  9.1774  -6.14033  -1.8223  
-1.05842  6.73372  375.823  8.79676  -6.42795  -1.83976  
-1.0996  6.7616  375.599  9.1621  -5.80834  -1.74471  
-1.06721  6.76835  375.585  8.85323  -6.42269  -1.81094  
-1.08086  6.74769  375.854  8.94723  -6.28  -1.75491  
-1.10164  6.77279  375.372  8.46483  -5.78398  -1.74351  
-1.07501  6.78721  375.609  8.61519  -6.09757  -1.75175  
-1.10258  6.77129  375.521  8.59921  -6.28984  -1.7505  
-1.08165  6.78282  375.839  8.54514  -6.25688  -1.74431  
-1.09779  6.82312  375.623  8.33694  -6.20848  -1.73907  
-1.14428  6.82149  375.613  8.60599  -5.82383  -1.69675  
-1.09691  6.81129  375.716  8.66349  -6.11262  -1.72866  
-1.15506  6.80651  375.715  9.06092  -5.58525  -1.66873  
-1.11907  6.89136  375.371  8.06271  -5.26996  -1.62944  
-1.11314  6.85623  375.797  8.32315  -5.85021  -1.68261  
-1.14664  6.84612  375.991  8.42876  -5.82498  -1.64633  
-1.14726  6.85322  375.753  8.52937  -5.28522  -1.61247  
-1.15758  6.82767  375.944  8.60199  -5.76869  -1.61225  
-1.19723  6.87624  375.73  8.20642  -5.43525  -1.55398  
-1.17662  6.87733  375.718  8.18364  -5.41581  -1.58307  
-1.2094  6.8217  376.152  8.94253  -5.47871  -1.57737  
-1.19249  6.90168  375.712  7.78973  -5.44609  -1.56917  
-1.17836  6.83958  376.282  8.23691  -5.36067  -1.54977  
-1.22876  6.85044  376.147  8.51398  -5.50222  -1.53631  
-1.22288  6.85243  376.236  8.70472  -5.51945  -1.5275  
-1.22583  6.88042  375.916  8.20996  -5.20612  -1.52146  
-1.22812  6.858  376.409  8.44602  -4.9592  -1.49578  
-1.29407  6.91448  375.917  8.17682  -5.13583  -1.46597  
-1.30772  6.91304  376.105  8.1677  -5.16391  -1.4306  
-1.27384  6.92761  375.782  7.84342  -5.42249  -1.44565  
-1.29486  6.93459  375.896  8.25596  -4.53353  -1.3931  
-1.27863  6.92397  376.107  8.11582  -5.39137  -1.41099  
-1.3184  6.97036  375.536  7.60735  -5.68016  -1.39614  
-1.32961  6.94141  375.963  8.06621  -5.04216  -1.36683  
-1.35093  6.90556  376.612  8.33268  -4.75424  -1.33147  
-1.31936  6.92862  376.327  7.96647  -5.06468  -1.36925  
-1.35397  6.97543  375.977  7.62207  -5.39035  -1.33084  
-1.33335  6.98733  376.114  8.03653  -5.23123  -1.34529  
-1.32409  7.00965  375.888  7.7393  -5.25607  -1.33455  
-1.37772  7.00397  376.034  7.8956  -5.25669  -1.28825  
-1.38942  7.0277  375.758  7.53699  -5.39644  -1.30445  
-1.36518  6.97013  376.322  8.04521  -4.88284  -1.29352  
-1.37203  7.03707  375.978  7.27427  -4.69889  -1.25308  
-1.38902  7.08589  375.393  7.24566  -4.80794  -1.2186  
-1.40457  7.01697  376.361  7.41077  -4.39864  -1.20696  
-1.42005  7.06367  375.566  7.27445  -4.47337  -1.16465  
-1.41022  7.10394  375.588  6.91086  -4.8022  -1.17277  
-1.48176  6.99383  376.708  8.1747  -4.68598  -1.14751  
-1.49655  7.06258  376.267  7.57434  -4.92291  -1.11751  
-1.43655  6.95722  377.184  8.33921  -5.09784  -1.18454  
-1.44614  7.07497  376.084  7.54245  -4.56923  -1.12861  
-1.5114  7.09057  376.113  7.27579  -4.85861  -1.11832  
-1.49639  7.0192  376.76  7.72142  -4.27482  -1.10269  
-1.52467  7.04298  376.491  7.50606  -4.63974  -1.08073  
-1.47461  7.09347  375.998  6.54412  -4.64691  -1.12236  
-1.5186  7.0523  376.459  7.10617  -4.1955  -1.05659  
-1.52247  7.13032  375.965  6.84821  -4.79414  -1.05865  
-1.52043  7.10725  376.035  6.86387  -4.84693  -1.06583  
-1.57766  7.10321  376.43  7.42632  -4.36355  -1.00013  
-1.56303  7.12872  375.947  6.37814  -4.17143  -1.00426  
-1.60369  7.05766  377.099  8.03495  -4.1634  -1.0037  
-1.54884  7.11066  376.587  6.95804  -4.48224  -0.989539  
-1.52807  7.1658  375.89  6.22019  -4.29283  -0.974645  
-1.58803  7.12761  376.457  6.75643  -4.37464  -0.976602  
-1.6117  7.1343  376.536  7.27473  -4.21257  -0.933115  
-1.57212  7.15225  376.239  6.46517  -4.33747  -0.937243  
-1.64829  7.05891  377.571  7.94217  -4.00489  -0.902381  
-1.58128  7.16283  376.302  6.76749  -4.28844  -0.946285  
-1.6332  7.12711  377.081  7.3382  -4.407  -0.902565  
-1.62622  7.13873  376.854  6.95127  -4.22484  -0.897228  
-1.67137  7.16652  376.974  6.90784  -4.9022  -0.869554  
-1.60121  7.1581  376.781  6.87136  -4.44281  -0.889236  
-1.6459  7.21386  376.51  6.6494  -3.67252  -0.842069  
-1.69829  7.17763  376.999  7.17843  -4.50464  -0.810891  
-1.59297  7.20952  376.515  6.48776  -4.20395  -0.860983  
-1.67004  7.25066  376.38  6.46608  -4.42769  -0.84357  
-1.69315  7.22488  376.73  6.81618  -4.09806  -0.810022  
-1.75078  7.22905  376.978  7.0543  -3.98125  -0.758249  
-1.7206  7.23527  376.516  6.41123  -3.86649  -0.751603  
-1.72485  7.18973  377.281  7.25205  -3.94322  -0.784756  
-1.68526  7.25727  376.398  5.96647  -4.06574  -0.785631  
-1.72603  7.24706  376.768  6.6246  -3.83585  -0.750386  
-1.75827  7.23566  376.975  6.51578  -3.52452  -0.708341  
-1.73835  7.2642  376.566  6.04364  -4.07832  -0.733604  
-1.76428  7.25322  376.799  6.11135  -3.81124  -0.669273  
-1.74953  7.26646  376.957  6.21937  -3.84778  -0.71303  
-1.81617  7.25907  377.119  6.58333  -3.54364  -0.633768  
-1.81769  7.24858  377.32  6.45289  -3.62833  -0.662739  
-1.80317  7.26503  377.107  5.76107  -3.54502  -0.655891  
-1.78189  7.28849  376.841  5.88277  -3.37664  -0.644931  
-1.82349  7.29246  377.208  6.29008  -3.43271  -0.628928  
-1.85014  7.32067  376.719  5.615  -3.23805  -0.593441  
-1.87485  7.29247  377.478  6.80953  -3.68506  -0.546086  
-1.84373  7.31829  376.943  6.18053  -3.10552  -0.555357  
-1.85463  7.30765  377.318  6.52449  -3.25018  -0.547511  
-1.90128  7.30217  377.274  5.97024  -3.2165  -0.532318  
-1.9018  7.29935  377.24  5.84879  -4.00689  -0.557338  
-1.90893  7.30831  377.383  5.79989  -3.01991  -0.532709  
-1.88056  7.302  377.344  5.73878  -3.56605  -0.548133  
-1.87869  7.32375  377.6  6.0541  -3.82105  -0.532596  
-1.89914  7.31179  377.539  6.0978  -3.15672  -0.510573  
-1.88635  7.34747  377.81  6.30657  -3.63174  -0.503297  
-1.94729  7.35466  377.448  5.73881  -2.92376  -0.45713  
-1.89958  7.38012  377.291  5.67094  -3.11179  -0.477575  
-1.96624  7.35517  378.086  6.52931  -2.98227  -0.43461  
-1.92617  7.36897  377.431  5.70841  -3.21323  -0.444967  
-2.00259  7.3529  377.725  5.83782  -2.80518  -0.405622  
-1.93136  7.39197  377.331  5.66216  -2.92469  -0.432704  
-1.96411  7.38345  377.357  5.65182  -2.65681  -0.410983  
-1.98199  7.399  377.455  5.69644  -3.28665  -0.399794  
-2.05423  7.37365  377.929  6.0313  -2.53944  -0.326972  
-2.02584  7.37988  378.163  6.23653  -2.95803  -0.37526  
-2.0322  7.43835  377.598  6.13075  -2.80549  -0.345929  
-2.01591  7.39859  378.12  6.59206  -2.82615  -0.348583  
-2.07697  7.39754  378.054  6.2061  -2.63334  -0.300375  
-2.02957  7.4392  377.717  5.58989  -3.2288  -0.350349  
-2.06764  7.46931  377.544  5.45323  -2.62436  -0.305732  
-2.06801  7.42165  377.858  5.58566  -2.75131  -0.301439  
-2.0709  7.50051  377.398  5.05002  -2.20837  -0.261051  
-2.08172  7.45653  377.765  5.24901  -2.62823  -0.280715  
-2.13798  7.43277  378.528  6.16238  -2.69749  -0.243006  
-2.12959  7.41615  378.736  6.18391  -2.24735  -0.230657  
-2.09045  7.49291  377.715  5.56751  -2.34063  -0.232125  
-2.11206  7.46452  378.289  5.85376  -3.30072  -0.244809  
-2.12829  7.47126  378.587  6.08479  -2.7117  -0.218135  
-2.189  7.46109  378.45  6.08487  -2.13759  -0.172088  
-2.23437  7.49248  378.433  5.87341  -1.16401  -0.0882188  
-2.20823  7.47425  378.798  6.39289  -2.08675  -0.132487  
-2.15169  7.49193  378.153  5.37765  -2.17881  -0.157254  
-2.18313  7.52236  378.35  5.51221  -2.37817  -0.12548  
-2.23368  7.48967  378.241  4.86542  -1.57623  -0.0809275  
-2.23732  7.53967  378.09  5.24643  -2.10972  -0.0927354  
-2.26134  7.54118  378.243  5.44944  -2.18492  -0.0582085  
-2.28541  7.56702  377.95  5.05795  -0.80578  0.0298435  
-2.24137  7.52065  378.652  5.5703  -2.07007  -0.0572412  
-2.25773  7.5726  378.523  5.6707  -1.58118  -0.0426659  
-2.28519  7.54501  378.41  5.00877  -1.62192  -0.0169978  
-2.23873  7.58056  378.341  5.22402  -2.33202  -0.0300582  
-2.27344  7.55681  378.529  4.9895  -1.87075  -0.00755747  
-2.28438  7.59912  378.057  4.91729  -1.67839  0.0409685  
-2.29784  7.57748  378.646  5.43823  -1.70918  0.0329374  
-2.29184  7.53561  378.859  4.88559  -1.56084  0.0431487  
-2.30709  7.61399  378.506  4.69849  -1.97486  0.0580707  
-2.30276  7.59648  379.038  5.4652  -1.51253  0.0582573  
-2.35418  7.63308  378.502  4.89641  -1.15275  0.100096  
-2.30525  7.59684  378.787  4.83987  -2.16136  0.0391107  
-2.35497  7.65767  378.128  4.50432  -1.46642  0.108655  
-2.3189  7.65184  378.534  4.90962  -1.74661  0.107794  
-2.34903  7.64062  378.168  4.49325  -1.42303  0.12951  
-2.32832  7.63514  378.711  4.85367  -2.09845  0.0861761  
-2.35645  7.64549  378.946  4.86155  -1.79733  0.115562  
-2.37041  7.64153  378.858  4.9495  -1.19474  0.131311  
-2.39806  7.64311  379.161  5.22452  -1.09882  0.166534  
-2.43322  7.65403  379.288  5.30793  -0.956193  0.188778  
-2.39723  7.66027  378.995  4.9425  -1.56086  0.149863  
-2.41428  7.67055  379.28  5.19894  -1.43612  0.176754  
-2.39735  7.66458  379.283  5.03731  -1.24428  0.16234  
-2.41669  7.68623  378.607  4.05308  -1.4116  0.200601  
-2.43517  7.68228  379.137  4.7874  -1.14557  0.215772  
-2.417  7.69619  378.965  4.78468  -1.08397  0.19895  
-2.51138  7.68622  379.52  4.95055  -0.824702  0.292919  
-2.46375  7.69337  379.436  4.78937  -0.792992  0.251865  
-2.47559  7.7246  379.065  4.6285  -1.20348  0.257638  
-2.48218  7.64915  379.694  4.74598  -1.13299  0.256305  
-2.4995  7.68633  379.808  5.41903  -0.617141  0.289949  
-2.50863  7.72391  379.546  5.093  -0.90327  0.31414  
-2.54329  7.72325  379.798  5.05986  -0.732885  0.332532  
-2.55159  7.71969  379.89  5.02296  -0.41343  0.340955  
-2.48875  7.74815  379.343  4.24239  -1.14613  0.272847  
-2.58213  7.73432  379.979  4.82502  -0.586499  0.342538  
-2.54095  7.77209  379.629  4.6242  -0.88197  0.363505  
-2.57733  7.75884  379.722  4.708  -0.678226  0.355304  
-2.5699  7.81739  379.292  4.36694  -0.159519  0.398864  
-2.55702  7.80115  379.672  4.65525  -0.479363  0.384711  
-2.58848  7.77316  379.62  4.17575  -0.734468  0.357347  
-2.57809  7.76651  380.185  4.82422  -0.376394  0.373448  
-2.55523  7.79721  379.208  3.56734  -0.752453  0.376338  
-2.59439  7.81118  379.524  3.89943  -0.0958461  0.432214  
-2.64495  7.79062  380.156  4.66427  -0.349711  0.478693  
-2.60241  7.81116  379.928  4.26428  -0.520027  0.445127  
-2.61789  7.80845  379.88  4.18907  -0.907798  0.481806  
-2.61423  7.84434  379.561  4.1224  0.0599209  0.474721  
-2.59185  7.81749  379.743  4.10928  -0.455051  0.457266  
-2.60576  7.80326  380.026  4.43592  0.0624983  0.474623  
-2.62345  7.8227  379.857  4.25174  -0.336761  0.457583  
-2.60528  7.82045  379.439  3.62059  -0.976819  0.43894  
-2.64029  7.80948  380.053  4.46155  0.0526506  0.462209  
-2.62133  7.81004  379.92  4.28828  -0.37016  0.428855  
-2.57814  7.8375  379.629  3.94954  -0.109773  0.445331  
-2.58828  7.82236  379.424  3.88323  -0.318958  0.416278  
-2.66316  7.79555  380.275  4.61616  -0.043734  0.499872  
-2.58097  7.80161  380.013  4.2507  -0.833587  0.429832  
-2.64967  7.81296  380.162  4.28303  0.235669  0.484538  
-2.66962  7.83164  379.684  4.06321  -0.00664708  0.518469  
-2.63505  7.82635  379.851  4.33884  -0.491603  0.474631  
-2.60119  7.83046  380.013  4.53111  -0.224454  0.459086  
-2.63353  7.78301  380.31  4.34963  -0.321141  0.485886  
-2.5876  7.84201  379.296  3.65679  -0.58309  0.459056  
-2.62218  7.80842  380.245  4.89137  -0.164621  0.473234  
-2.59791  7.8245  379.853  4.37324  -0.498162  0.44676  
-2.61695  7.83577  379.851  4.00506  -0.428937  0.462328  
-2.599  7.86277  379.678  4.39357  -0.280728  0.469493  
-2.60759  7.83864  379.407  3.69446  -0.369758  0.454708  
-2.59475  7.81237  379.612  3.79368  -0.37127  0.447132  
-2.63411  7.79757  380.02  4.37164  0.0470325  0.484844  
-2.59041  7.84327  379.808  4.46495  -0.374017  0.454659  
-2.64179  7.84828  379.42  3.91029  0.558786  0.490662  
-2.66853  7.7988  380.119  4.90621  -0.151551  0.512701  
-2.61052  7.81927  379.962  4.53412  -0.602233  0.472164  
-2.63936  7.8237  379.906  4.24801  -0.190194  0.506236  
-2.62926  7.83825  379.849  4.43494  -0.534384  0.483829  
-2.61389  7.83012  379.574  4.23845  -0.416143  0.475242  
-2.62488  7.83041  379.742  4.30019  -0.288471  0.489624  
-2.62029  7.81118  379.99  4.29154  -0.0964967  0.483898  
-2.61309  7.84909  379.96  4.87919  -0.286398  0.502993  
-2.63455  7.80992  380.075  4.77482  -0.462033  0.488294  
-2.61183  7.83394  379.82  4.42137  -0.552537  0.460699  
-2.6407  7.82415  380.276  4.83367  -0.172287  0.491331  
-2.6012  7.80803  380.296  4.82099  -0.668238  0.473611  
-2.65568  7.8302  380.018  4.38608  -0.370498  0.501669  
-2.58583  7.83214  379.586  3.85122  -0.760443  0.445779  
-2.60743  7.81328  379.793  4.23203  -1.00147  0.466455  
-2.61483  7.81105  380.033  4.56418  -0.444108  0.465884  
-2.65299  7.81262  380.223  4.62143  -0.212831  0.493725  
-2.62795  7.80203  380.281  4.71911  -0.372169  0.461073  
-2.63464  7.81316  380.258  4.85718  -0.561977  0.485259  
-2.61794  7.8264  379.795  4.31015  -0.371035  0.455185  
-2.60456  7.84767  379.453  3.88732  -0.201057  0.450997  
-2.62361  7.81298  379.701  4.13154  -0.246942  0.472805  
-2.6655  7.78013  380.356  4.55165  -0.852738  0.45896  
-2.62451  7.81712  380.27  4.81172  -0.0271387  0.50062  
-2.6372  7.83532  380.031  4.42629  -0.283082  0.489319  
-2.63904  7.8187  380.087  4.40737  -0.642928  0.455793  
-2.63686  7.80331  379.835  4.1518  -0.144088  0.474687  
-2.64087  7.79315  380.034  4.35344  -0.682077  0.4833  
-2.63249  7.80635  380.149  4.49268  -0.55056  0.463277  
-2.66218  7.81296  380.155  4.48516  -0.178568  0.497795  
-2.62529  7.79673  379.754  3.91883  -0.144246  0.473423  
-2.6277  7.82166  379.995  4.72576  -0.112033  0.487497  
-2.59752  7.83616  379.43  3.78579  -0.571083  0.439936  
-2.61729  7.81981  380.109  4.63414  -0.321545  0.467486  
-2.61716  7.84265  380.039  4.9856  -0.171229  0.440299  
-2.60345  7.83319  379.928  4.48955  -0.519473  0.453076  
-2.66336  7.81975  380.175  4.57249  -0.359129  0.503469  
-2.65071  7.82541  379.764  4.03713  -0.185408  0.513993  
-2.61447  7.81984  379.551  3.73365  -0.160301  0.440051  
-2.62488  7.79044  380.539  4.99018  -0.564603  0.490464  
-2.65304  7.77977  380.453  4.80317  -0.51017  0.471001  
-2.6083  7.80988  380.304  4.77717  -0.59304  0.449285  
-2.60929  7.83094  379.852  4.71166  -0.50757  0.457908  
-2.64411  7.82048  379.45  3.73077  -0.432157  0.471  
-2.59542  7.81824  379.998  4.18159  -0.588803  0.433284  
-2.5892  7.81735  379.917  4.41983  -0.430066  0.464686  
-2.62578  7.81419  379.943  4.59072  -0.05763  0.480895  
-2.58819  7.80318  379.88  4.22461  -0.557919  0.439927  
-2.60455  7.78939  380.213  4.77197  -0.54878  0.450625  
-2.59852  7.81171  380.202  4.52745  -0.910784  0.447993  
-2.64702  7.81976  379.64  3.83859  -0.341227  0.508772  
