0  0  0  0  0  0  
0  0  0  0  0  0  
0  0  0  0  0  0  
0  0  0  0  0  0  
0  0  0  0  0  0  
0  0  0  0  0  0  
0  0  0  0  0  0  
0  0  0  0  0  0  
0  0  0  0  0  0  
0  0  0  0  0  0  
0  0  0  0  0  0  
0  0  0  0  0  0  
0  0  0  0  0  0  
0  0  0  0  0  0  
0  0  0  0  0  0  
0  0  0  0  0  0  
0  0  0  0  0  0  
0  0  0  0  0  0  
0  0  0  0  0  0  
0  0  0  0  0  0  
0  0  0  0  0  0  
0  0  0  0  0  0  
0  0  0  0  0  0  
0  0  0  0  0  0  
0  0  0  0  0  0  
0  0  0  0  0  0  
0  0  0  0  0  0  
0  0  0  0  0  0  
0  0  0  0  0  0  
0  0  0  0  0  0  
0  0  0  0  0  0  
0  0  0  0  0  0  
0  0  0  0  0  0  
0  0  0  0  0  0  
0  0  0  0  0  0  
0  0  0  0  0  0  
0  0  0  0  0  0  
0  0  0  0  0  0  
6.78254e-06  2.71301e-06  4.06952e-06  0  0  0  
0.0208567  0.00834267  0.012514  0  0  0  
0.0944046  0.0377618  0.0566428  0  0  0  
0.180877  0.0723507  0.108526  0  0  0  
0.268755  0.107502  0.161253  0  0  0  
0.356633  0.142653  0.21398  0  0  0  
0.444512  0.177805  0.266707  0  0  0  
0.533093  0.213237  0.319856  0  0  0  
0.623783  0.249513  0.37427  0  0  0  
0.708849  0.28354  0.42531  0  0  0  
0.797431  0.318972  0.478458  0  0  0  
0.883903  0.353561  0.530342  0  0  0  
0.973187  0.389275  0.583912  0  0  0  
1.06177  0.424707  0.637061  0  0  0  
1.15246  0.460983  0.691475  0  0  0  
1.23542  0.494166  0.741249  0  0  0  
1.3254  0.530161  0.795242  0  0  0  
1.41047  0.564188  0.846282  0  0  0  
1.54264  0.617055  0.925583  0  0  0  
1.63403  0.653613  0.980419  0  0  0  
1.7191  0.687639  1.03146  0  0  0  
1.80557  0.722228  1.08334  0  0  0  
1.89485  0.757942  1.13691  0  0  0  
1.98203  0.792812  1.18922  0  0  0  
2.06991  0.827963  1.24194  0  0  0  
2.15779  0.863114  1.29467  0  0  0  
2.24707  0.898828  1.34824  0  0  0  
2.33284  0.933136  1.3997  0  0  0  
2.42423  0.969693  1.45454  0  0  0  
2.51281  1.00513  1.50769  0  0  0  
2.59929  1.03971  1.55957  0  0  0  
2.69068  1.07627  1.61441  0  0  0  
2.77293  1.10917  1.66376  0  0  0  
2.86503  1.14601  1.71902  0  0  0  
2.9515  1.1806  1.7709  0  0  0  
3.0443  1.21772  1.82658  0  0  0  
3.12515  1.25006  1.87509  0  0  0  
3.21725  1.2869  1.93035  0  0  0  
3.3002  1.32008  1.98012  0  0  0  
3.38878  1.35551  2.03327  0  0  0  
3.47737  1.39095  2.08642  0  0  0  
3.56384  1.42554  2.1383  0  0  0  
3.65312  1.46125  2.19187  0  0  0  
3.73959  1.49584  2.24376  0  0  0  
3.82747  1.53099  2.29648  0  0  0  
3.91746  1.56698  2.35048  0  0  0  
4.00393  1.60157  2.40236  0  0  0  
4.09111  1.63644  2.45466  0  0  0  
4.17899  1.67159  2.50739  0  0  0  
4.26757  1.70703  2.56054  0  0  0  
4.35615  1.74246  2.61369  0  0  0  
4.44262  1.77705  2.66557  0  0  0  
4.5305  1.8122  2.7183  0  0  0  
4.6233  1.84932  2.77398  0  0  0  
4.70626  1.8825  2.82375  0  0  0  
4.79484  1.91793  2.8769  0  0  0  
4.88131  1.95252  2.92879  0  0  0  
4.96358  1.98543  2.97815  0  0  0  
4.99912  1.99965  2.99947  0  0  0  
5.00136  2.00317  3.00136  0.00135788  0.00226313  0.00090525  
5.01109  2.02588  3.01109  0.0110915  0.0184858  0.00739432  
5.02535  2.05915  3.02535  0.0253519  0.0422531  0.0169012  
5.04116  2.09604  3.04116  0.0411615  0.0686024  0.027441  
5.05498  2.12829  3.05498  0.0549802  0.0916337  0.0366535  
5.06927  2.16162  3.06927  0.0692674  0.115446  0.0461783  
5.08391  2.19578  3.08391  0.0839059  0.139843  0.0559373  
5.09854  2.22994  3.09854  0.0985444  0.164241  0.0656963  
5.11553  2.26956  3.11553  0.115525  0.192542  0.0770167  
5.12794  2.29852  3.12794  0.127938  0.213231  0.0852923  
5.14387  2.33569  3.14387  0.143865  0.239775  0.0959101  
5.15757  2.36766  3.15757  0.157567  0.262611  0.105045  
5.17185  2.40099  3.17185  0.171854  0.286423  0.114569  
5.18638  2.43488  3.18638  0.186375  0.310626  0.12425  
5.20137  2.46985  3.20137  0.201365  0.335609  0.134243  
5.21565  2.50319  3.21565  0.215652  0.359421  0.143768  
5.23041  2.53762  3.23041  0.230408  0.384013  0.153605  
5.24598  2.57396  3.24598  0.245983  0.409972  0.163989  
5.25968  2.60593  3.25968  0.259685  0.432808  0.173123  
5.27421  2.63981  3.27421  0.274206  0.457011  0.182804  
5.2906  2.67807  3.2906  0.290602  0.484336  0.193734  
5.30407  2.70949  3.30407  0.304069  0.506782  0.202713  
5.32093  2.74884  3.32093  0.320932  0.534887  0.213955  
5.33405  2.77945  3.33405  0.334049  0.556748  0.222699  
5.34974  2.81606  3.34974  0.349741  0.582902  0.233161  
5.36227  2.8453  3.36227  0.362272  0.603786  0.241514  
5.37668  2.87891  3.37668  0.376676  0.627793  0.251117  
5.39155  2.91361  3.39155  0.391549  0.652581  0.261032  
5.4063  2.94804  3.4063  0.406304  0.677174  0.270869  
5.42094  2.9822  3.42094  0.420943  0.701571  0.280628  
5.43769  3.02127  3.43769  0.437689  0.729482  0.291793  
5.44999  3.04997  3.44999  0.449986  0.749976  0.29999  
5.46451  3.08385  3.46451  0.464507  0.774178  0.309671  
5.47926  3.11828  3.47926  0.479263  0.798771  0.319508  
5.49706  3.15981  3.49706  0.497063  0.828438  0.331375  
5.50854  3.18659  3.50854  0.50854  0.847566  0.339026  
5.52306  3.22048  3.52306  0.523061  0.871768  0.348707  
5.53805  3.25545  3.53805  0.538051  0.896751  0.3587  
5.55257  3.28933  3.55257  0.552572  0.920954  0.368381  
5.56698  3.32294  3.56698  0.566976  0.944961  0.377984  
5.58173  3.35737  3.58173  0.581732  0.969553  0.387821  
5.59637  3.39153  3.59637  0.596371  0.993951  0.39758  
5.61323  3.43088  3.61323  0.613234  1.02206  0.408823  
5.62553  3.45957  3.62553  0.62553  1.04255  0.41702  
5.64029  3.494  3.64029  0.640286  1.06714  0.426857  
5.65481  3.52788  3.65481  0.654807  1.09135  0.436538  
5.66945  3.56204  3.66945  0.669446  1.11574  0.446297  
5.68444  3.59702  3.68444  0.684436  1.14073  0.45629  
5.69872  3.63035  3.69872  0.698723  1.16454  0.465815  
5.71395  3.66588  3.71395  0.713947  1.18991  0.475965  
5.72812  3.69894  3.72812  0.728117  1.21353  0.485411  
5.74264  3.73282  3.74264  0.742638  1.23773  0.495092  
5.75751  3.76753  3.75751  0.757511  1.26252  0.505007  
5.77192  3.80114  3.77192  0.771915  1.28653  0.51461  
5.78667  3.83557  3.78667  0.786671  1.31112  0.524447  
5.80201  3.87136  3.80201  0.802012  1.33669  0.534675  
5.8163  3.9047  3.8163  0.816299  1.3605  0.5442  
5.83047  3.93776  3.83047  0.830469  1.38412  0.553646  
5.84511  3.97192  3.84511  0.845108  1.40851  0.563405  
5.85975  4.00608  3.85975  0.859746  1.43291  0.573164  
5.87497  4.0416  3.87497  0.87497  1.45828  0.583314  
5.88914  4.07466  3.88914  0.889141  1.4819  0.59276  
5.90565  4.11319  3.90565  0.905653  1.50942  0.603769  
5.9183  4.1427  3.9183  0.9183  1.5305  0.6122  
5.93306  4.17713  3.93306  0.933056  1.55509  0.622037  
5.94769  4.21129  3.94769  0.947695  1.57949  0.631796  
5.96233  4.24544  3.96233  0.962333  1.60389  0.641555  
5.97697  4.2796  3.97697  0.976972  1.62829  0.651314  
5.99149  4.31348  3.99149  0.991493  1.65249  0.660995  
6.00625  4.34791  4.00625  1.00625  1.67708  0.670832  
6.03108  4.40584  4.03108  1.03108  1.71846  0.687384  
6.04302  4.43371  4.04302  1.04302  1.73837  0.695347  
6.05742  4.46732  4.05742  1.05742  1.76237  0.70495  
6.07944  4.5187  4.07944  1.07944  1.79907  0.719627  
6.09396  4.55258  4.09396  1.09396  1.82327  0.729308  
6.10907  4.58783  4.10907  1.10907  1.84845  0.73938  
6.12347  4.62144  4.12347  1.12347  1.87246  0.748982  
6.13788  4.65505  4.13788  1.13788  1.89646  0.758585  
6.15439  4.69358  4.15439  1.15439  1.92398  0.769593  
6.16727  4.72363  4.16727  1.16727  1.94545  0.778181  
6.18191  4.75779  4.18191  1.18191  1.96985  0.78794  
6.19667  4.79222  4.19667  1.19667  1.99444  0.797777  
6.21857  4.84332  4.21857  1.21857  2.03094  0.812377  
6.23309  4.8772  4.23309  1.23309  2.05514  0.822058  
6.24784  4.91163  4.24784  1.24784  2.07974  0.831895  
6.26974  4.96273  4.26974  1.26974  2.11624  0.846494  
6.28426  4.99661  4.28426  1.28426  2.14044  0.856175  
6.29949  5.03214  4.29949  1.29949  2.16581  0.866325  
6.31354  5.06493  4.31354  1.31354  2.18923  0.875693  
6.32818  5.09908  4.32818  1.32818  2.21363  0.885452  
6.34305  5.13379  4.34305  1.34305  2.23842  0.895367  
6.36589  5.18707  4.36589  1.36589  2.27648  0.910591  
6.37971  5.21931  4.37971  1.37971  2.29951  0.919804  
6.39458  5.25402  4.39458  1.39458  2.3243  0.929719  
6.40887  5.28735  4.40887  1.40887  2.34811  0.939244  
6.42339  5.32124  4.42339  1.42339  2.37231  0.948925  
6.44142  5.36332  4.44142  1.44142  2.40237  0.960948  
6.45992  5.40649  4.45992  1.45992  2.43321  0.973283  
6.4748  5.44119  4.4748  1.4748  2.458  0.983198  
6.4892  5.4748  4.4892  1.4892  2.482  0.992801  
6.50513  5.51197  4.50513  1.50513  2.50855  1.00342  
6.51848  5.54312  4.51848  1.51848  2.5308  1.01232  
6.53499  5.58165  4.53499  1.53499  2.55832  1.02333  
6.54916  5.61471  4.54916  1.54916  2.58194  1.03277  
6.56989  5.66308  4.56989  1.56989  2.61648  1.04659  
6.59179  5.71417  4.59179  1.59179  2.65298  1.06119  
6.60631  5.74806  4.60631  1.60631  2.67718  1.07087  
6.62118  5.78276  4.62118  1.62118  2.70197  1.08079  
6.63559  5.81637  4.63559  1.63559  2.72598  1.09039  
6.65807  5.86883  4.65807  1.65807  2.76345  1.10538  
6.67306  5.90381  4.67306  1.67306  2.78844  1.11537  
6.68688  5.93605  4.68688  1.68688  2.81147  1.12459  
6.7014  5.96994  4.7014  1.7014  2.83567  1.13427  
6.71627  6.00464  4.71627  1.71627  2.86046  1.14418  
6.73197  6.04126  4.73197  1.73197  2.88661  1.15464  
6.74555  6.07295  4.74555  1.74555  2.90925  1.1637  
6.76019  6.10711  4.76019  1.76019  2.93365  1.17346  
6.77483  6.14127  4.77483  1.77483  2.95805  1.18322  
6.78947  6.17542  4.78947  1.78947  2.98244  1.19298  
6.80399  6.20931  4.80399  1.80399  3.00665  1.20266  
6.82038  6.24756  4.82038  1.82038  3.03397  1.21359  
6.83338  6.27789  4.83338  1.83338  3.05564  1.22225  
6.85025  6.31724  4.85025  1.85025  3.08374  1.2335  
6.86254  6.34593  4.86254  1.86254  3.10424  1.24169  
6.8773  6.38036  4.8773  1.8773  3.12883  1.25153  
6.89194  6.41452  4.89194  1.89194  3.15323  1.26129  
6.90669  6.44895  4.90669  1.90669  3.17782  1.27113  
6.92847  6.49977  4.92847  1.92847  3.21412  1.28565  
6.943  6.53366  4.943  1.943  3.23833  1.29533  
6.96525  6.58557  4.96525  1.96525  3.27541  1.31016  
6.98715  6.63667  4.98715  1.98715  3.31191  1.32476  
7.00167  6.67056  5.00167  2.00167  3.33611  1.33444  
7.01642  6.70499  5.01642  2.01642  3.3607  1.34428  
7.03914  6.758  5.03914  2.03914  3.39857  1.35943  
7.05355  6.79161  5.05355  2.05355  3.42258  1.36903  
7.07486  6.84134  5.07486  2.07486  3.4581  1.38324  
7.08938  6.87522  5.08938  2.08938  3.4823  1.39292  
7.10402  6.90938  5.10402  2.10402  3.5067  1.40268  
7.11889  6.94408  5.11889  2.11889  3.53149  1.41259  
7.13341  6.97796  5.13341  2.13341  3.55569  1.42228  
7.14969  7.01595  5.14969  2.14969  3.58282  1.43313  
7.17007  7.06349  5.17007  2.17007  3.61678  1.44671  
7.18447  7.0971  5.18447  2.18447  3.64079  1.45631  
7.19923  7.13153  5.19923  2.19923  3.66538  1.46615  
7.22206  7.18482  5.22206  2.22206  3.70344  1.48138  
7.23694  7.21952  5.23694  2.23694  3.72823  1.49129  
7.25076  7.25176  5.25076  2.25076  3.75126  1.5005  
7.27277  7.30313  5.27277  2.27277  3.78795  1.51518  
7.28776  7.33811  5.28776  2.28776  3.81294  1.52517  
7.30193  7.37117  5.30193  2.30193  3.83655  1.53462  
7.32371  7.422  5.32371  2.32371  3.87286  1.54914  
7.33847  7.45643  5.33847  2.33847  3.89745  1.55898  
7.35475  7.49441  5.35475  2.35475  3.92458  1.56983  
7.37512  7.54196  5.37512  2.37512  3.95854  1.58342  
7.38965  7.57584  5.38965  2.38965  3.98274  1.5931  
7.40616  7.61437  5.40616  2.40616  4.01026  1.60411  
7.41904  7.64443  5.41904  2.41904  4.03173  1.61269  
7.43368  7.67858  5.43368  2.43368  4.05613  1.62245  
7.44867  7.71356  5.44867  2.44867  4.08111  1.63245  
7.46272  7.74635  5.46272  2.46272  4.10453  1.64181  
7.47771  7.78132  5.47771  2.47771  4.12952  1.65181  
7.492  7.81466  5.492  2.492  4.15333  1.66133  
7.50664  7.84882  5.50664  2.50664  4.17773  1.67109  
7.52127  7.88297  5.52127  2.52127  4.20212  1.68085  
7.53744  7.92068  5.53744  2.53744  4.22906  1.69162  
7.5509  7.95211  5.5509  2.5509  4.25151  1.7006  
7.56566  7.98654  5.56566  2.56566  4.2761  1.71044  
7.58018  8.02042  5.58018  2.58018  4.3003  1.72012  
7.59552  8.05622  5.59552  2.59552  4.32587  1.73035  
7.60993  8.08983  5.60993  2.60993  4.34988  1.73995  
7.62374  8.12207  5.62374  2.62374  4.37291  1.74916  
7.63873  8.15705  5.63873  2.63873  4.39789  1.75916  
7.65302  8.19038  5.65302  2.65302  4.4217  1.76868  
7.66778  8.22481  5.66778  2.66778  4.44629  1.77852  
7.68277  8.25979  5.68277  2.68277  4.47128  1.78851  
7.69694  8.29285  5.69694  2.69694  4.49489  1.79796  
7.71146  8.32674  5.71146  2.71146  4.5191  1.80764  
7.72633  8.36144  5.72633  2.72633  4.54388  1.81755  
7.74085  8.39532  5.74085  2.74085  4.56809  1.82723  
7.75584  8.4303  5.75584  2.75584  4.59307  1.83723  
7.77025  8.46391  5.77025  2.77025  4.61708  1.84683  
7.78535  8.49916  5.78535  2.78535  4.64226  1.8569  
7.79964  8.53249  5.79964  2.79964  4.66607  1.86643  
7.81416  8.56638  5.81416  2.81416  4.69027  1.87611  
7.82974  8.60272  5.82974  2.82974  4.71623  1.88649  
7.84367  8.63524  5.84367  2.84367  4.73946  1.89578  
7.85983  8.67295  5.85983  2.85983  4.76639  1.90656  
7.8726  8.70273  5.8726  2.8726  4.78766  1.91507  
7.88712  8.73661  5.88712  2.88712  4.81187  1.92475  
7.90188  8.77104  5.90188  2.90188  4.83646  1.93458  
7.91663  8.80547  5.91663  2.91663  4.86105  1.94442  
7.93115  8.83936  5.93115  2.93115  4.88525  1.9541  
7.94579  8.87351  5.94579  2.94579  4.90965  1.96386  
7.9609  8.90876  5.9609  2.9609  4.93483  1.97393  
7.97519  8.9421  5.97519  2.97519  4.95864  1.98346  
7.98975  8.97608  5.98975  2.98975  4.98291  1.99317  
7.99882  8.99724  5.99882  2.99882  4.99803  1.99921  
8.00069  8.99966  5.99983  3.00103  4.99966  2.00051  
8.01911  8.99045  5.99522  3.02866  4.99045  2.01433  
8.05863  8.97068  5.98534  3.08795  4.97068  2.04398  
8.1009  8.94955  5.97478  3.15135  4.94955  2.07567  
8.14553  8.92724  5.96362  3.21829  4.92724  2.10915  
8.18543  8.90729  5.95364  3.27814  4.90729  2.13907  
8.22735  8.88632  5.94316  3.34103  4.88632  2.17051  
8.26962  8.86519  5.9326  3.40443  4.86519  2.20221  
8.31256  8.84372  5.92186  3.46884  4.84372  2.23442  
8.35854  8.82073  5.91036  3.53781  4.82073  2.26891  
8.40013  8.79994  5.89997  3.60019  4.79994  2.3001  
8.44307  8.77847  5.88923  3.6646  4.77847  2.3323  
8.48195  8.75902  5.87951  3.72293  4.75902  2.36146  
8.52354  8.73823  5.86911  3.78531  4.73823  2.39266  
8.56547  8.71727  5.85863  3.8482  4.71727  2.4241  
8.60841  8.6958  5.8479  3.91261  4.6958  2.45631  
8.65033  8.67483  5.83742  3.9755  4.67483  2.48775  
8.69936  8.65032  5.82516  4.04904  4.65032  2.52452  
8.73486  8.63257  5.81628  4.10229  4.63257  2.55115  
8.7778  8.6111  5.80555  4.1667  4.6111  2.58335  
8.82007  8.58997  5.79498  4.2301  4.58997  2.61505  
8.86233  8.56883  5.78442  4.2935  4.56883  2.64675  
8.9046  8.5477  5.77385  4.35689  4.5477  2.67845  
8.95125  8.52437  5.76219  4.42688  4.52437  2.71344  
8.9898  8.5051  5.75255  4.4847  4.5051  2.74235  
9.03139  8.48431  5.74215  4.54708  4.48431  2.77354  
9.07399  8.463  5.7315  4.61099  4.463  2.80549  
9.11997  8.44001  5.72001  4.67996  4.44001  2.83998  
9.15919  8.4204  5.7102  4.73879  4.4204  2.8694  
9.20112  8.39944  5.69972  4.80168  4.39944  2.90084  
9.24237  8.37881  5.68941  4.86356  4.37881  2.93178  
9.28734  8.35633  5.67817  4.93101  4.35633  2.9655  
9.32656  8.33672  5.66836  4.98984  4.33672  2.99492  
9.37559  8.31221  5.6561  5.06338  4.31221  3.03169  
9.41109  8.29446  5.64723  5.11663  4.29446  3.05832  
9.45369  8.27315  5.63658  5.18054  4.27315  3.09027  
9.49832  8.25084  5.62542  5.24748  4.25084  3.12374  
9.53788  8.23106  5.61553  5.30682  4.23106  3.15341  
9.58048  8.20976  5.60488  5.37073  4.20976  3.18536  
9.62275  8.18863  5.59431  5.43412  4.18863  3.21706  
9.67144  8.16428  5.58214  5.50716  4.16428  3.25358  
9.71438  8.14281  5.57141  5.57157  4.14281  3.28578  
9.75258  8.12371  5.56185  5.62888  4.12371  3.31444  
9.79181  8.1041  5.55205  5.68771  4.1041  3.34385  
9.83407  8.08296  5.54148  5.75111  4.08296  3.37555  
9.87633  8.06183  5.53092  5.8145  4.06183  3.40725  
9.91927  8.04036  5.52018  5.87891  4.04036  3.43946  
9.96052  8.01974  5.50987  5.94079  4.01974  3.47039  
10.0031  7.99844  5.49922  6.00469  3.99844  3.50235  
10.0451  7.97747  5.48874  6.06758  3.97747  3.53379  
10.087  7.95651  5.47826  6.13047  3.95651  3.56523  
10.1303  7.93487  5.46744  6.19539  3.93487  3.59769  
10.1725  7.91374  5.45687  6.25878  3.91374  3.62939  
10.2138  7.89311  5.44656  6.32066  3.89311  3.66033  
10.2571  7.87147  5.43574  6.38558  3.87147  3.69279  
10.2983  7.85085  5.42542  6.44745  3.85085  3.72373  
10.3412  7.82938  5.41469  6.51186  3.82938  3.75593  
10.3838  7.80808  5.40404  6.57576  3.80808  3.78788  
10.4254  7.78728  5.39364  6.63815  3.78728  3.81907  
10.4684  7.76581  5.38291  6.70256  3.76581  3.85128  
10.5117  7.74417  5.37209  6.76748  3.74417  3.88374  
10.5519  7.72406  5.36203  6.82783  3.72406  3.91391  
10.5945  7.70276  5.35138  6.89173  3.70276  3.94587  
10.6368  7.68162  5.34081  6.95513  3.68162  3.97756  
10.6794  7.66032  5.33016  7.01903  3.66032  4.00952  
10.722  7.63902  5.31951  7.08294  3.63902  4.04147  
10.7848  7.60758  5.30379  7.17727  3.60758  4.08863  
10.8291  7.58543  5.29272  7.24371  3.58543  4.12185  
10.869  7.56548  5.28274  7.30355  3.56548  4.15178  
10.9113  7.54435  5.27217  7.36695  3.54435  4.18348  
10.9542  7.52288  5.26144  7.43136  3.52288  4.21568  
10.9968  7.50158  5.25079  7.49527  3.50158  4.24763  
11.0384  7.48078  5.24039  7.55765  3.48078  4.27882  
11.0851  7.45745  5.22873  7.62764  3.45745  4.31382  
11.1226  7.43869  5.21934  7.68393  3.43869  4.34197  
11.1649  7.41756  5.20878  7.74733  3.41756  4.37366  
11.2078  7.39609  5.19804  7.81174  3.39609  4.40587  
11.2498  7.37512  5.18756  7.87463  3.37512  4.43731  
11.292  7.35399  5.177  7.93803  3.35399  4.46901  
11.3339  7.33303  5.16651  8.00091  3.33303  4.50046  
11.3765  7.31173  5.15586  8.06482  3.31173  4.53241  
11.4188  7.2906  5.1453  8.12821  3.2906  4.56411  
11.4607  7.26963  5.13482  8.1911  3.26963  4.59555  
11.504  7.24799  5.124  8.25602  3.24799  4.62801  
11.548  7.22602  5.11301  8.32195  3.22602  4.66098  
11.5872  7.2064  5.1032  8.38079  3.2064  4.69039  
11.6295  7.18527  5.09264  8.44418  3.18527  4.72209  
11.6721  7.16397  5.08199  8.50809  3.16397  4.75404  
11.7163  7.14183  5.07091  8.57452  3.14183  4.78726  
11.7613  7.11934  5.05967  8.64198  3.11934  4.82099  
11.7992  7.10041  5.0502  8.69878  3.10041  4.84939  
11.8415  7.07927  5.03964  8.76218  3.07927  4.88109  
11.8834  7.05831  5.02916  8.82507  3.05831  4.91253  
11.9267  7.03667  5.01834  8.88999  3.03667  4.94499  
11.9684  7.01579  5.0079  8.95262  3.01579  4.97631  
11.9958  7.00208  5.00104  8.99376  3.00208  4.99688  
11.9998  7.00008  5.00023  9.00008  3.00015  5  
11.9762  7.00795  5.02384  9.00795  3.01589  5  
11.9082  7.0306  5.09181  9.0306  3.0612  5  
11.8349  7.05503  5.1651  9.05503  3.11007  5  
11.758  7.08067  5.24202  9.08067  3.16135  5  
11.6829  7.10571  5.31713  9.10571  3.21142  5  
11.6072  7.13095  5.39285  9.13095  3.2619  5  
11.5314  7.15619  5.46856  9.15619  3.31237  5  
11.4563  7.18122  5.54367  9.18122  3.36245  5  
11.3806  7.20646  5.61938  9.20646  3.41292  5  
11.3043  7.2319  5.6957  9.2319  3.4638  5  
11.2298  7.25674  5.77021  9.25674  3.51347  5  
11.1468  7.2844  5.85319  9.2844  3.56879  5  
11.0765  7.30782  5.92345  9.30782  3.61563  5  
10.9972  7.33427  6.0028  9.33427  3.66853  5  
10.9263  7.35789  6.07367  9.35789  3.71578  5  
10.8488  7.38373  6.1512  9.38373  3.76747  5  
10.7749  7.40837  6.2251  9.40837  3.81673  5  
10.6986  7.43381  6.30142  9.43381  3.86761  5  
10.6235  7.45884  6.37652  9.45884  3.91768  5  
10.5472  7.48428  6.45284  9.48428  3.96856  5  
10.4714  7.50952  6.52856  9.50952  4.01904  5  
10.3933  7.53557  6.6067  9.53557  4.07113  5  
10.32  7.56  6.67999  9.56  4.11999  5  
10.2443  7.58523  6.7557  9.58523  4.17047  5  
10.1643  7.61188  6.83565  9.61188  4.22377  5  
10.0923  7.63591  6.90773  9.63591  4.27182  5  
10.0172  7.66095  6.98284  9.66095  4.3219  5  
9.93963  7.68679  7.06037  9.68679  4.37358  5  
9.85119  7.71627  7.14881  9.71627  4.43254  5  
9.79062  7.73646  7.20938  9.73646  4.47292  5  
9.7143  7.7619  7.2857  9.7619  4.5238  5  
9.63738  7.78754  7.36262  9.78754  4.57508  5  
9.55379  7.8154  7.44621  9.8154  4.63081  5  
9.48655  7.83782  7.51345  9.83782  4.67563  5  
9.40902  7.86366  7.59098  9.86366  4.72732  5  
9.33694  7.88769  7.66306  9.88769  4.77537  5  
9.25941  7.91353  7.74059  9.91353  4.82706  5  
9.18188  7.93937  7.81812  9.93937  4.87875  5  
9.09466  7.96845  7.90534  9.96845  4.9369  5  
9.03669  7.98777  7.96331  9.98777  4.97554  5  
9.00198  7.99934  7.99802  9.99934  4.99868  5  
9.00063  8.00126  8.00126  9.99874  4.99937  4.99874  
9.01884  8.03768  8.03768  9.96232  4.98116  4.96232  
9.05983  8.11966  8.11966  9.88034  4.94017  4.88034  
9.10838  8.21676  8.21676  9.78324  4.89162  4.78324  
9.15581  8.31161  8.31161  9.68839  4.84419  4.68839  
9.20022  8.40044  8.40044  9.59956  4.79978  4.59956  
9.24727  8.49454  8.49454  9.50546  4.75273  4.50546  
9.29582  8.59165  8.59165  9.40835  4.70418  4.40835  
9.34174  8.68349  8.68349  9.31651  4.65826  4.31651  
9.38842  8.77683  8.77683  9.22317  4.61158  4.22317  
9.43659  8.87319  8.87319  9.12681  4.56341  4.12681  
9.48327  8.96653  8.96653  9.03347  4.51673  4.03347  
9.53144  9.06289  9.06289  8.93711  4.46856  3.93711  
9.57736  9.15473  9.15473  8.84527  4.42264  3.84527  
9.62404  9.24807  9.24807  8.75193  4.37596  3.75193  
9.67108  9.34217  9.34217  8.65783  4.32892  3.65783  
9.71813  9.43627  9.43627  8.56373  4.28187  3.56373  
9.76518  9.53036  9.53036  8.46964  4.23482  3.46964  
9.81223  9.62446  9.62446  8.37554  4.18777  3.37554  
9.85966  9.71931  9.71931  8.28069  4.14034  3.28069  
9.90633  9.81266  9.81266  8.18734  4.09367  3.18734  
9.95842  9.91683  9.91683  8.08317  4.04158  3.08317  
9.99003  9.98005  9.98005  8.01995  4.00997  3.01995  
10  10  10  8  4  3  
9.99854  9.99636  9.9949  8  3.99854  3  
9.98852  9.97129  9.95981  8  3.98852  3  
9.97952  9.94881  9.92834  8  3.97952  3  
9.96796  9.9199  9.88787  8  3.96796  3  
9.95667  9.89168  9.84836  8  3.95667  3  
9.94511  9.86278  9.80789  8  3.94511  3  
9.93373  9.83433  9.76806  8  3.93373  3  
9.92226  9.80565  9.72791  8  3.92226  3  
9.9107  9.77674  9.68744  8  3.9107  3  
9.89923  9.74807  9.64729  8  3.89923  3  
9.88757  9.71893  9.6065  8  3.88757  3  
9.8761  9.69025  9.56635  8  3.8761  3  
9.86491  9.66226  9.52717  8  3.86491  3  
9.85334  9.63336  9.4867  8  3.85334  3  
9.84169  9.60422  9.44591  8  3.84169  3  
9.83049  9.57623  9.40672  8  3.83049  3  
9.81865  9.54663  9.36529  8  3.81865  3  
9.80691  9.51727  9.32418  8  3.80691  3  
9.7959  9.48974  9.28563  8  3.7959  3  
9.78461  9.46152  9.24613  8  3.78461  3  
9.77268  9.43169  9.20437  8  3.77268  3  
9.76167  9.40416  9.16583  8  3.76167  3  
9.75001  9.37503  9.12504  8  3.75001  3  
9.73872  9.34681  9.08553  8  3.73872  3  
9.72707  9.31767  9.04474  8  3.72707  3  
9.71541  9.28853  9.00395  8  3.71541  3  
9.70376  9.2594  8.96316  8  3.70376  3  
9.69266  9.23164  8.92429  8  3.69266  3  
9.68073  9.20181  8.88254  8  3.68073  3  
9.66962  9.17405  8.84367  8  3.66962  3  
9.65815  9.14538  8.80353  8  3.65815  3  
9.64695  9.11739  8.76434  8  3.64695  3  
9.63539  9.08848  8.72387  8  3.63539  3  
9.62264  9.05659  8.67922  8  3.62264  3  
9.61245  9.03112  8.64357  8  3.61245  3  
9.60098  9.00245  8.60342  8  3.60098  3  
9.58914  8.97285  8.56199  8  3.58914  3  
9.5718  8.92949  8.50129  8  3.5718  3  
9.56069  8.90173  8.46242  8  3.56069  3  
9.5494  8.87351  8.42291  8  3.5494  3  
9.53775  8.84437  8.38212  8  3.53775  3  
9.52646  8.81616  8.34262  8  3.52646  3  
9.51499  8.78748  8.30247  8  3.51499  3  
9.50352  8.7588  8.26232  8  3.50352  3  
9.49196  8.72989  8.22185  8  3.49196  3  
9.48039  8.70099  8.18138  8  3.48039  3  
9.46911  8.67277  8.14187  8  3.46911  3  
9.45745  8.64363  8.10108  8  3.45745  3  
9.44571  8.61426  8.05997  8  3.44571  3  
9.43469  8.58673  8.02143  8  3.43469  3  
9.42304  8.5576  7.98064  8  3.42304  3  
9.41157  8.52892  7.94049  8  3.41157  3  
9.40028  8.5007  7.90098  8  3.40028  3  
9.38881  8.47202  7.86083  8  3.38881  3  
9.3767  8.44174  7.81843  8  3.3767  3  
9.36578  8.41444  7.78021  8  3.36578  3  
9.35421  8.38553  7.73974  8  3.35421  3  
9.34274  8.35685  7.69959  8  3.34274  3  
9.33136  8.3284  7.65977  8  3.33136  3  
9.31971  8.29927  7.61897  8  3.31971  3  
9.30833  8.27082  7.57915  8  3.30833  3  
9.29676  8.24191  7.53868  8  3.29676  3  
9.2852  8.21301  7.49821  8  3.2852  3  
9.27401  8.18502  7.45902  8  3.27401  3  
9.26125  8.15313  7.41438  8  3.26125  3  
9.25125  8.12812  7.37937  8  3.25125  3  
9.23978  8.09944  7.33922  8  3.23978  3  
9.2273  8.06824  7.29554  8  3.2273  3  
9.21619  8.04048  7.25667  8  3.21619  3  
9.20536  8.01341  7.21877  8  3.20536  3  
9.19334  7.98335  7.1767  8  3.19334  3  
9.18215  7.95536  7.13751  8  3.18215  3  
9.17077  7.92692  7.09768  8  3.17077  3  
9.15939  7.89847  7.05785  8  3.15939  3  
9.14792  7.86979  7.01771  8  3.14792  3  
9.13644  7.84111  6.97756  8  3.13644  3  
9.12497  7.81243  6.93741  8  3.12497  3  
9.11259  7.78146  6.89405  8  3.11259  3  
9.10203  7.75508  6.85711  8  3.10203  3  
9.09056  7.7264  6.81696  8  3.09056  3  
9.07817  7.69543  6.7736  8  3.07817  3  
9.06716  7.6679  6.73506  8  3.06716  3  
9.05615  7.64037  6.69652  8  3.05615  3  
9.04458  7.61146  6.65605  8  3.04458  3  
9.03302  7.58255  6.61558  8  3.03302  3  
9.02173  7.55434  6.57607  8  3.02173  3  
9.01008  7.5252  6.53528  8  3.01008  3  
8.99879  7.49698  6.49577  8  2.99879  3  
8.98714  7.46784  6.45498  8  2.98714  3  
8.97567  7.43917  6.41483  8  2.97567  3  
8.96447  7.41118  6.37565  8  2.96447  3  
8.95291  7.38227  6.33518  8  2.95291  3  
8.94134  7.35336  6.29471  8  2.94134  3  
8.92877  7.32193  6.2507  8  2.92877  3  
8.91849  7.29624  6.21473  8  2.91849  3  
8.90711  7.26779  6.1749  8  2.90711  3  
8.89463  7.23659  6.13122  8  2.89463  3  
8.8839  7.20974  6.09364  8  2.8839  3  
8.87243  7.18107  6.05349  8  2.87243  3  
8.86086  7.15216  6.01302  8  2.86086  3  
8.84903  7.12256  5.97159  8  2.84903  3  
8.83792  7.0948  5.93272  8  2.83792  3  
8.82663  7.06658  5.89322  8  2.82663  3  
8.81507  7.03768  5.85275  8  2.81507  3  
8.80369  7.00923  5.81292  8  2.80369  3  
8.79158  6.97895  5.77052  8  2.79158  3  
8.78093  6.95233  5.73327  8  2.78093  3  
8.76909  6.92274  5.69183  8  2.76909  3  
8.75772  6.89429  5.652  8  2.75772  3  
8.74634  6.86584  5.61218  8  2.74634  3  
8.73505  6.83762  5.57267  8  2.73505  3  
8.72358  6.80894  5.53252  8  2.72358  3  
8.71192  6.77981  5.49173  8  2.71192  3  
8.69935  6.74838  5.44773  8  2.69935  3  
8.68907  6.72268  5.41175  8  2.68907  3  
8.6776  6.694  5.3716  8  2.6776  3  
8.66604  6.6651  5.33113  8  2.66604  3  
8.65466  6.63665  5.29131  8  2.65466  3  
8.6431  6.60774  5.25084  8  2.6431  3  
8.63153  6.57883  5.21037  8  2.63153  3  
8.62015  6.55039  5.17054  8  2.62015  3  
8.60804  6.5201  5.12814  8  2.60804  3  
8.59721  6.49303  5.09024  8  2.59721  3  
8.58583  6.46458  5.05041  8  2.58583  3  
8.57427  6.43567  5.00994  8  2.57427  3  
8.56289  6.40723  4.97012  8  2.56289  3  
8.55105  6.37763  4.92868  8  2.55105  3  
8.53986  6.34964  4.8895  8  2.53986  3  
8.52839  6.32096  4.84935  8  2.52839  3  
8.5171  6.29274  4.80984  8  2.5171  3  
8.50544  6.26361  4.76905  8  2.50544  3  
8.49397  6.23493  4.7289  8  2.49397  3  
8.48268  6.20671  4.6894  8  2.48268  3  
8.47075  6.17689  4.64764  8  2.47075  3  
8.45947  6.14867  4.60813  8  2.45947  3  
8.44717  6.11792  4.56509  8  2.44717  3  
8.43652  6.09131  4.52784  8  2.43652  3  
8.42524  6.06309  4.48833  8  2.42524  3  
8.41367  6.03419  4.44786  8  2.41367  3  
8.4022  6.00551  4.40771  8  2.4022  3  
8.39082  5.97706  4.36788  8  2.39082  3  
8.37752  5.94379  4.32131  8  2.37752  3  
8.36751  5.91879  4.2863  8  2.36751  3  
8.35614  5.89034  4.24647  8  2.35614  3  
8.34402  5.86005  4.20408  8  2.34402  3  
8.33283  5.83207  4.16489  8  2.33283  3  
8.32181  5.80453  4.12635  8  2.32181  3  
8.31053  5.77632  4.08684  8  2.31053  3  
8.29896  5.74741  4.04637  8  2.29896  3  
8.28722  5.71804  4.00526  8  2.28722  3  
8.27547  5.68868  3.96415  8  2.27547  3  
8.26473  5.66183  3.92657  8  2.26473  3  
8.25308  5.6327  3.88578  8  2.25308  3  
8.2417  5.60425  3.84595  8  2.2417  3  
8.23032  5.5758  3.80612  8  2.23032  3  
8.21876  5.54689  3.76565  8  2.21876  3  
8.20637  5.51592  3.72229  8  2.20637  3  
8.19545  5.48862  3.68407  8  2.19545  3  
8.18379  5.45948  3.64328  8  2.18379  3  
8.17269  5.43172  3.60441  8  2.17269  3  
8.16048  5.40121  3.5617  8  2.16048  3  
8.14966  5.37414  3.5238  8  2.14966  3  
8.13846  5.34615  3.48461  8  2.13846  3  
8.12708  5.3177  3.44478  8  2.12708  3  
8.11451  5.28627  3.40078  8  2.11451  3  
8.10386  5.25966  3.36352  8  2.10386  3  
8.09258  5.23144  3.32401  8  2.09258  3  
8.08101  5.20253  3.28354  8  2.08101  3  
8.06954  5.17385  3.2434  8  2.06954  3  
8.05752  5.1438  3.20132  8  2.05752  3  
8.04669  5.11673  3.16342  8  2.04669  3  
8.03522  5.08805  3.12327  8  2.03522  3  
8.02375  5.05937  3.08312  8  2.02375  3  
8.01154  5.02886  3.0404  8  2.01154  3  
8.00199  5.00498  3.00697  8  2.00199  3  
7.99998  4.9999  2.99997  8  2  3.00001  
7.98797  4.99549  3.00301  7.99549  1.99399  3.00451  
7.94299  4.97862  3.01425  7.97862  1.9715  3.02138  
7.8915  4.95931  3.02712  7.95931  1.94575  3.04069  
7.8374  4.93902  3.04065  7.93902  1.9187  3.06098  
7.77937  4.91726  3.05516  7.91726  1.88968  3.08274  
7.72788  4.89795  3.06803  7.89795  1.86394  3.10205  
7.67421  4.87783  3.08145  7.87783  1.8371  3.12217  
7.61879  4.85705  3.0953  7.85705  1.8094  3.14295  
7.56425  4.83659  3.10894  7.83659  1.78213  3.16341  
7.50796  4.81549  3.12301  7.81549  1.75398  3.18451  
7.44688  4.79258  3.13828  7.79258  1.72344  3.20742  
7.40106  4.7754  3.14973  7.7754  1.70053  3.2246  
7.34652  4.75494  3.16337  7.75494  1.67326  3.24506  
7.29198  4.73449  3.17701  7.73449  1.64599  3.26551  
7.23743  4.71404  3.19064  7.71404  1.61872  3.28596  
7.18289  4.69358  3.20428  7.69358  1.59145  3.30642  
7.12355  4.67133  3.21911  7.67133  1.56178  3.32867  
7.07294  4.65235  3.23177  7.65235  1.53647  3.34765  
7.01927  4.63222  3.24518  7.63222  1.50963  3.36778  
6.96385  4.61144  3.25904  7.61144  1.48193  3.38856  
6.91018  4.59132  3.27245  7.59132  1.45509  3.40868  
6.85608  4.57103  3.28598  7.57103  1.42804  3.42897  
6.79761  4.5491  3.3006  7.5491  1.3988  3.4509  
6.74612  4.52979  3.31347  7.52979  1.37306  3.47021  
6.6907  4.50901  3.32732  7.50901  1.34535  3.49099  
6.63224  4.48709  3.34194  7.48709  1.31612  3.51291  
6.58293  4.4686  3.35427  7.4686  1.29146  3.5314  
6.52839  4.44815  3.3679  7.44815  1.26419  3.55185  
6.47428  4.42786  3.38143  7.42786  1.23714  3.57214  
6.41887  4.40707  3.39528  7.40707  1.20943  3.59293  
6.36432  4.38662  3.40892  7.38662  1.18216  3.61338  
6.31022  4.36633  3.42245  7.36633  1.15511  3.63367  
6.24608  4.34228  3.43848  7.34228  1.12304  3.65772  
6.20026  4.3251  3.44993  7.3251  1.10013  3.6749  
6.14703  4.30514  3.46324  7.30514  1.07351  3.69486  
6.09249  4.28468  3.47688  7.28468  1.04624  3.71532  
6.03751  4.26407  3.49062  7.26407  1.01875  3.73593  
5.98253  4.24345  3.50437  7.24345  0.991265  3.75655  
5.92231  4.22087  3.51942  7.22087  0.961157  3.77913  
5.87345  4.20254  3.53164  7.20254  0.936723  3.79746  
5.81149  4.17931  3.54713  7.17931  0.905743  3.82069  
5.76436  4.16164  3.55891  7.16164  0.88218  3.83836  
5.71026  4.14135  3.57244  7.14135  0.855128  3.85865  
5.65615  4.12106  3.58596  7.12106  0.828075  3.87894  
5.60073  4.10028  3.59982  7.10028  0.800367  3.89972  
5.54619  4.07982  3.61345  7.07982  0.773096  3.92018  
5.49209  4.05953  3.62698  7.05953  0.746043  3.94047  
5.43754  4.03908  3.64061  7.03908  0.718772  3.96092  
5.38257  4.01846  3.65436  7.01846  0.691283  3.98154  
5.32541  3.99703  3.66865  6.99703  0.662703  4.00297  
5.27392  3.97772  3.68152  6.97772  0.636959  4.02228  
5.21894  3.9571  3.69527  6.9571  0.60947  4.0429  
5.1644  3.93665  3.7089  6.93665  0.582199  4.06335  
5.10986  3.9162  3.72254  6.9162  0.554928  4.0838  
5.05531  3.89574  3.73617  6.89574  0.527657  4.10426  
5.00033  3.87513  3.74992  6.87513  0.500167  4.12487  
4.94667  3.855  3.76333  6.855  0.473333  4.145  
4.89169  3.83438  3.77708  6.83438  0.445843  4.16562  
4.83802  3.81426  3.7905  6.81426  0.419009  4.18574  
4.7826  3.79348  3.80435  6.79348  0.391301  4.20652  
4.7285  3.77319  3.81788  6.77319  0.364248  4.22681  
4.67308  3.75241  3.83173  6.75241  0.336541  4.24759  
4.61941  3.73228  3.84515  6.73228  0.309706  4.26772  
4.564  3.7115  3.859  6.7115  0.281999  4.2885  
4.50902  3.69088  3.87275  6.69088  0.25451  4.30912  
4.45317  3.66994  3.88671  6.66994  0.226584  4.33006  
4.40037  3.65014  3.89991  6.65014  0.200186  4.34986  
4.34539  3.62952  3.91365  6.62952  0.172696  4.37048  
4.29216  3.60956  3.92696  6.60956  0.14608  4.39044  
4.23544  3.58829  3.94114  6.58829  0.117718  4.41171  
4.18133  3.568  3.95467  6.568  0.0906651  4.432  
4.12853  3.5482  3.96787  6.5482  0.0642667  4.4518  
4.07443  3.52791  3.98139  6.52791  0.0372138  4.47209  
4.01858  3.50697  3.99536  6.50697  0.00928825  4.49303  
3.96447  3.48668  4.00888  6.48668  -0.0177646  4.51332  
3.91036  3.46639  4.02241  6.46639  -0.0448175  4.53361  
3.85582  3.44593  4.03604  6.44593  -0.0720886  4.55407  
3.80128  3.42548  4.04968  6.42548  -0.0993597  4.57452  
3.74717  3.40519  4.06321  6.40519  -0.126413  4.59481  
3.69132  3.38425  4.07717  6.38425  -0.154338  4.61575  
3.63722  3.36396  4.0907  6.36396  -0.181391  4.63604  
3.58224  3.34334  4.10444  6.34334  -0.20888  4.65666  
3.52813  3.32305  4.11797  6.32305  -0.235933  4.67695  
3.47403  3.30276  4.13149  6.30276  -0.262986  4.69724  
3.41643  3.28116  4.14589  6.28116  -0.291784  4.71884  
3.36102  3.26038  4.15975  6.26038  -0.319492  4.73962  
3.30647  3.23993  4.17338  6.23993  -0.346763  4.76007  
3.25499  3.22062  4.18625  6.22062  -0.372507  4.77938  
3.20088  3.20033  4.19978  6.20033  -0.39956  4.79967  
3.14678  3.18004  4.21331  6.18004  -0.426612  4.81996  
3.0918  3.15942  4.22705  6.15942  -0.454102  4.84058  
3.03813  3.1393  4.24047  6.1393  -0.480936  4.8607  
2.98315  3.11868  4.25421  6.11868  -0.508426  4.88132  
2.92861  3.09823  4.26785  6.09823  -0.535697  4.90177  
2.87363  3.07761  4.28159  6.07761  -0.563186  4.92239  
2.81996  3.05748  4.29501  6.05748  -0.590021  4.94252  
2.75931  3.03474  4.31017  6.03474  -0.620346  4.96526  
2.70782  3.01543  4.32304  6.01543  -0.64609  4.98457  
2.6559  2.99596  4.33603  5.99596  -0.672052  5.00404  
2.60048  2.97518  4.34988  5.97518  -0.699759  5.02482  
2.54725  2.95522  4.36319  5.95522  -0.726376  5.04478  
2.49227  2.9346  4.37693  5.9346  -0.753865  5.0654  
2.43685  2.91382  4.39079  5.91382  -0.781573  5.08618  
2.37751  2.89157  4.40562  5.89157  -0.811244  5.10843  
2.32908  2.8734  4.41773  5.8734  -0.83546  5.1266  
2.27192  2.85197  4.43202  5.85197  -0.86404  5.14803  
2.21912  2.83217  4.44522  5.83217  -0.890439  5.16783  
2.16502  2.81188  4.45875  5.81188  -0.917492  5.18812  
2.10437  2.78914  4.47391  5.78914  -0.947817  5.21086  
2.02539  2.75952  4.49365  5.75952  -0.987306  5.24048  
1.97434  2.74038  4.50642  5.74038  -1.01283  5.25962  
1.91805  2.71927  4.52049  5.71927  -1.04097  5.28073  
1.86002  2.69751  4.535  5.69751  -1.06999  5.30249  
1.80853  2.6782  4.54787  5.6782  -1.09574  5.3218  
1.75573  2.6584  4.56107  5.6584  -1.12213  5.3416  
1.69465  2.63549  4.57634  5.63549  -1.15268  5.36451  
1.64708  2.61766  4.58823  5.61766  -1.17646  5.38234  
1.59211  2.59704  4.60197  5.59704  -1.20395  5.40296  
1.53669  2.57626  4.61583  5.57626  -1.23165  5.42374  
1.48346  2.5563  4.62914  5.5563  -1.25827  5.4437  
1.42848  2.53568  4.64288  5.53568  -1.28576  5.46432  
1.37394  2.51523  4.65652  5.51523  -1.31303  5.48477  
1.31896  2.49461  4.67026  5.49461  -1.34052  5.50539  
1.26485  2.47432  4.68379  5.47432  -1.36757  5.52568  
1.20944  2.45354  4.69764  5.45354  -1.39528  5.54646  
1.15577  2.43341  4.71106  5.43341  -1.42212  5.56659  
1.10123  2.41296  4.72469  5.41296  -1.44939  5.58704  
1.04538  2.39202  4.73866  5.39202  -1.47731  5.60798  
0.991707  2.37189  4.75207  5.37189  -1.50415  5.62811  
0.937164  2.35144  4.76571  5.35144  -1.53142  5.64856  
0.883931  2.33147  4.77902  5.33147  -1.55803  5.66853  
0.82808  2.31053  4.79298  5.31053  -1.58596  5.68947  
0.774411  2.2904  4.8064  5.2904  -1.61279  5.7096  
0.719869  2.26995  4.82003  5.26995  -1.64007  5.73005  
0.665763  2.24966  4.83356  5.24966  -1.66712  5.75034  
0.610348  2.22888  4.84741  5.22888  -1.69483  5.77112  
0.551879  2.20695  4.86203  5.20695  -1.72406  5.79305  
0.5017  2.18814  4.87457  5.18814  -1.74915  5.81186  
0.446722  2.16752  4.88832  5.16752  -1.77664  5.83248  
0.39218  2.14707  4.90196  5.14707  -1.80391  5.85293  
0.337201  2.12645  4.9157  5.12645  -1.8314  5.87355  
0.283095  2.10616  4.92923  5.10616  -1.85845  5.89384  
0.228553  2.08571  4.94286  5.08571  -1.88572  5.91429  
0.168339  2.06313  4.95792  5.06313  -1.91583  5.93687  
0.119905  2.04496  4.97002  5.04496  -1.94005  5.95504  
0.0640541  2.02402  4.98399  5.02402  -1.96797  5.97598  
0.0167451  2.00628  4.99581  5.00628  -1.99163  5.99372  
5.87113e-05  2.00002  4.99999  5.00002  -1.99997  5.99998  
0  1.99842  4.99606  4.99606  -1.99842  5.99527  
0  1.99073  4.97683  4.97683  -1.99073  5.97219  
0  1.97974  4.94936  4.94936  -1.97974  5.93923  
0  1.96918  4.92296  4.92296  -1.96918  5.90755  
0  1.95845  4.89613  4.89613  -1.95845  5.87535  
0  1.94772  4.8693  4.8693  -1.94772  5.84316  
0  1.9369  4.84225  4.84225  -1.9369  5.8107  
0  1.92608  4.81521  4.81521  -1.92608  5.77825  
0  1.91552  4.7888  4.7888  -1.91552  5.74656  
0  1.9047  4.76176  4.76176  -1.9047  5.71411  
0  1.89388  4.73471  4.73471  -1.89388  5.68165  
0  1.88341  4.70852  4.70852  -1.88341  5.65023  
0  1.87259  4.68148  4.68148  -1.87259  5.61778  
0  1.86186  4.65465  4.65465  -1.86186  5.58558  
0  1.85104  4.6276  4.6276  -1.85104  5.55312  
0  1.84039  4.60099  4.60099  -1.84039  5.52118  
0  1.82966  4.57415  4.57415  -1.82966  5.48899  
0  1.81893  4.54732  4.54732  -1.81893  5.45679  
0  1.80803  4.52006  4.52006  -1.80803  5.42408  
0  1.79738  4.49345  4.49345  -1.79738  5.39214  
0  1.78673  4.46683  4.46683  -1.78673  5.3602  
0  1.776  4.44  4.44  -1.776  5.328  
0  1.76527  4.41317  4.41317  -1.76527  5.2958  
0  1.75453  4.38634  4.38634  -1.75453  5.2636  
0  1.74372  4.35929  4.35929  -1.74372  5.23115  
0  1.73316  4.33289  4.33289  -1.73316  5.19947  
0  1.72242  4.30606  4.30606  -1.72242  5.16727  
0  1.71152  4.2788  4.2788  -1.71152  5.13456  
0  1.70079  4.25197  4.25197  -1.70079  5.10236  
0  1.69005  4.22514  4.22514  -1.69005  5.07016  
0  1.67932  4.1983  4.1983  -1.67932  5.03797  
0  1.66859  4.17147  4.17147  -1.66859  5.00577  
0  1.65786  4.14464  4.14464  -1.65786  4.97357  
0  1.64695  4.11738  4.11738  -1.64695  4.94086  
0  1.63622  4.09055  4.09055  -1.63622  4.90866  
0  1.62575  4.06436  4.06436  -1.62575  4.87724  
0  1.61501  4.03753  4.03753  -1.61501  4.84504  
0  1.60437  4.01092  4.01092  -1.60437  4.8131  
0  1.59355  3.98387  3.98387  -1.59355  4.78064  
0  1.5829  3.95725  3.95725  -1.5829  4.7487  
0  1.57208  3.93021  3.93021  -1.57208  4.71625  
0  1.56127  3.90316  3.90316  -1.56127  4.6838  
0  1.55062  3.87655  3.87655  -1.55062  4.65186  
0  1.5398  3.8495  3.8495  -1.5398  4.6194  
0  1.52907  3.82267  3.82267  -1.52907  4.5872  
0  1.51825  3.79562  3.79562  -1.51825  4.55475  
0  1.50769  3.76922  3.76922  -1.50769  4.52307  
0  1.49696  3.74239  3.74239  -1.49696  4.49087  
0  1.48622  3.71556  3.71556  -1.48622  4.45867  
0  1.47549  3.68873  3.68873  -1.47549  4.42647  
0  1.46484  3.66211  3.66211  -1.46484  4.39453  
0  1.45394  3.63485  3.63485  -1.45394  4.36182  
0  1.44321  3.60802  3.60802  -1.44321  4.32962  
0  1.43239  3.58097  3.58097  -1.43239  4.29717  
0  1.42183  3.55457  3.55457  -1.42183  4.26549  
0  1.4111  3.52774  3.52774  -1.4111  4.23329  
0  1.40036  3.50091  3.50091  -1.40036  4.20109  
0  1.38972  3.47429  3.47429  -1.38972  4.16915  
0  1.37881  3.44703  3.44703  -1.37881  4.13644  
0  1.36817  3.42042  3.42042  -1.36817  4.1045  
0  1.35743  3.39359  3.39359  -1.35743  4.0723  
0  1.34662  3.36654  3.36654  -1.34662  4.03985  
0  1.33606  3.34014  3.34014  -1.33606  4.00817  
0  1.32515  3.31288  3.31288  -1.32515  3.97545  
0  1.31442  3.28605  3.28605  -1.31442  3.94326  
0  1.30377  3.25943  3.25943  -1.30377  3.91132  
0  1.29295  3.23239  3.23239  -1.29295  3.87886  
0  1.28231  3.20577  3.20577  -1.28231  3.84692  
0  1.27149  3.17872  3.17872  -1.27149  3.81447  
0  1.26084  3.15211  3.15211  -1.26084  3.78253  
0  1.2502  3.12549  3.12549  -1.2502  3.75059  
0  1.23938  3.09844  3.09844  -1.23938  3.71813  
0  1.22865  3.07161  3.07161  -1.22865  3.68594  
0  1.21774  3.04435  3.04435  -1.21774  3.65322  
0  1.20727  3.01817  3.01817  -1.20727  3.6218  
0  1.19653  2.99133  2.99133  -1.19653  3.5896  
0  1.18546  2.96364  2.96364  -1.18546  3.55637  
0  1.17498  2.93746  2.93746  -1.17498  3.52495  
0  1.16416  2.91041  2.91041  -1.16416  3.49249  
0  1.15343  2.88358  2.88358  -1.15343  3.4603  
0  1.14261  2.85654  2.85654  -1.14261  3.42784  
0  1.13197  2.82992  2.82992  -1.13197  3.3959  
0  1.12124  2.80309  2.80309  -1.12124  3.36371  
0  1.1105  2.77626  2.77626  -1.1105  3.33151  
0  1.09986  2.74964  2.74964  -1.09986  3.29957  
0  1.08921  2.72302  2.72302  -1.08921  3.26763  
0  1.07822  2.69555  2.69555  -1.07822  3.23466  
0  1.06757  2.66893  2.66893  -1.06757  3.20272  
0  1.05675  2.64189  2.64189  -1.05675  3.17026  
0  1.04619  2.61548  2.61548  -1.04619  3.13858  
0  1.0352  2.58801  2.58801  -1.0352  3.10561  
0  1.02456  2.56139  2.56139  -1.02456  3.07367  
0  1.014  2.53499  2.53499  -1.014  3.04199  
0  1.00309  2.50773  2.50773  -1.00309  3.00928  
0  0.992446  2.48111  2.48111  -0.992446  2.97734  
0  0.981713  2.45428  2.45428  -0.981713  2.94514  
0  0.970981  2.42745  2.42745  -0.970981  2.91294  
0  0.960248  2.40062  2.40062  -0.960248  2.88075  
0  0.94943  2.37358  2.37358  -0.94943  2.84829  
0  0.938955  2.34739  2.34739  -0.938955  2.81687  
0  0.928137  2.32034  2.32034  -0.928137  2.78441  
0  0.917319  2.2933  2.2933  -0.917319  2.75196  
0  0.906586  2.26647  2.26647  -0.906586  2.71976  
0  0.895854  2.23963  2.23963  -0.895854  2.68756  
0  0.885293  2.21323  2.21323  -0.885293  2.65588  
0  0.874389  2.18597  2.18597  -0.874389  2.62317  
0  0.863656  2.15914  2.15914  -0.863656  2.59097  
0  0.85301  2.13252  2.13252  -0.85301  2.55903  
0  0.842277  2.10569  2.10569  -0.842277  2.52683  
0  0.831373  2.07843  2.07843  -0.831373  2.49412  
0  0.820727  2.05182  2.05182  -0.820727  2.46218  
0  0.810166  2.02541  2.02541  -0.810166  2.4305  
0  0.799262  1.99815  1.99815  -0.799262  2.39779  
0  0.788444  1.97111  1.97111  -0.788444  2.36533  
0  0.777883  1.94471  1.94471  -0.777883  2.33365  
0  0.767064  1.91766  1.91766  -0.767064  2.30119  
0  0.756332  1.89083  1.89083  -0.756332  2.269  
0  0.745771  1.86443  1.86443  -0.745771  2.23731  
0  0.734867  1.83717  1.83717  -0.734867  2.2046  
0  0.724221  1.81055  1.81055  -0.724221  2.17266  
0  0.713316  1.78329  1.78329  -0.713316  2.13995  
0  0.70267  1.75667  1.75667  -0.70267  2.10801  
0  0.691937  1.72984  1.72984  -0.691937  2.07581  
0  0.681291  1.70323  1.70323  -0.681291  2.04387  
0  0.670558  1.6764  1.6764  -0.670558  2.01168  
0  0.659826  1.64956  1.64956  -0.659826  1.97948  
0  0.649179  1.62295  1.62295  -0.649179  1.94754  
0  0.638361  1.5959  1.5959  -0.638361  1.91508  
0  0.627543  1.56886  1.56886  -0.627543  1.88263  
0  0.61681  1.54203  1.54203  -0.61681  1.85043  
0  0.606164  1.51541  1.51541  -0.606164  1.81849  
0  0.595345  1.48836  1.48836  -0.595345  1.78604  
0  0.584699  1.46175  1.46175  -0.584699  1.7541  
0  0.573966  1.43492  1.43492  -0.573966  1.7219  
0  0.563234  1.40808  1.40808  -0.563234  1.6897  
0  0.552502  1.38125  1.38125  -0.552502  1.6575  
0  0.541769  1.35442  1.35442  -0.541769  1.62531  
0  0.530779  1.32695  1.32695  -0.530779  1.59234  
0  0.520047  1.30012  1.30012  -0.520047  1.56014  
0  0.509486  1.27371  1.27371  -0.509486  1.52846  
0  0.49738  1.24345  1.24345  -0.49738  1.49214  
0  0.487935  1.21984  1.21984  -0.487935  1.46381  
0  0.477374  1.19344  1.19344  -0.477374  1.43212  
0  0.466556  1.16639  1.16639  -0.466556  1.39967  
0  0.455995  1.13999  1.13999  -0.455995  1.36799  
0  0.445177  1.11294  1.11294  -0.445177  1.33553  
0  0.434445  1.08611  1.08611  -0.434445  1.30333  
0  0.423798  1.0595  1.0595  -0.423798  1.27139  
0  0.412894  1.03223  1.03223  -0.412894  1.23868  
0  0.402076  1.00519  1.00519  -0.402076  1.20623  
0  0.391515  0.978787  0.978787  -0.391515  1.17454  
0  0.380697  0.951742  0.951742  -0.380697  1.14209  
0  0.370136  0.92534  0.92534  -0.370136  1.11041  
0  0.359146  0.897865  0.897865  -0.359146  1.07744  
0  0.348328  0.870819  0.870819  -0.348328  1.04498  
0  0.337853  0.844632  0.844632  -0.337853  1.01356  
0  0.327034  0.817586  0.817586  -0.327034  0.981103  
0  0.316302  0.790755  0.790755  -0.316302  0.948906  
0  0.305655  0.764139  0.764139  -0.305655  0.916966  
0  0.294837  0.737093  0.737093  -0.294837  0.884511  
0  0.284019  0.710047  0.710047  -0.284019  0.852056  
0  0.273458  0.683645  0.683645  -0.273458  0.820374  
0  0.262726  0.656814  0.656814  -0.262726  0.788177  
0  0.251993  0.629983  0.629983  -0.251993  0.75598  
0  0.241089  0.602723  0.602723  -0.241089  0.723267  
0  0.230614  0.576535  0.576535  -0.230614  0.691843  
0  0.219882  0.549704  0.549704  -0.219882  0.659645  
0  0.208978  0.522444  0.522444  -0.208978  0.626933  
0  0.198331  0.495828  0.495828  -0.198331  0.594993  
0  0.187599  0.468996  0.468996  -0.187599  0.562796  
0  0.17678  0.441951  0.441951  -0.17678  0.530341  
0  0.165619  0.414046  0.414046  -0.165619  0.496856  
0  0.155315  0.388288  0.388288  -0.155315  0.465946  
0  0.144669  0.361672  0.361672  -0.144669  0.434006  
0  0.133765  0.334412  0.334412  -0.133765  0.401294  
0  0.123032  0.307581  0.307581  -0.123032  0.369097  
0  0.112386  0.280964  0.280964  -0.112386  0.337157  
0  0.101481  0.253704  0.253704  -0.101481  0.304444  
0  0.0909208  0.227302  0.227302  -0.0909208  0.272762  
0  0.0801883  0.200471  0.200471  -0.0801883  0.240565  
0  0.0696276  0.174069  0.174069  -0.0696276  0.208883  
0  0.0587234  0.146809  0.146809  -0.0587234  0.17617  
0  0.0480769  0.120192  0.120192  -0.0480769  0.144231  
0  0.0358848  0.089712  0.089712  -0.0358848  0.107654  
0  0.0266978  0.0667446  0.0667446  -0.0266978  0.0800935  
0  0.0157937  0.0394842  0.0394842  -0.0157937  0.047381  
0  0.00554272  0.0138568  0.0138568  -0.00554272  0.0166282  
0  0.000326475  0.000816188  0.000816188  -0.000326475  0.000979426  
-1.24338e-05  -0.000112197  -1.75496e-05  -2.77902e-05  2.71228e-05  1.91842e-05  
-1.24338e-05  -0.000112197  -1.75496e-05  -2.77902e-05  2.71228e-05  1.91842e-05  
-8.98984e-06  -9.66794e-05  -2.04961e-05  -2.78549e-05  2.35129e-05  1.43876e-05  
-5.54585e-06  -8.11613e-05  -2.34426e-05  -2.79196e-05  1.99031e-05  9.59108e-06  
9.62705e-06  -8.59393e-05  -2.0522e-05  -2.47579e-05  1.81554e-05  4.79494e-06  
9.62244e-06  -5.48921e-05  -2.05479e-05  -2.48899e-05  1.81575e-05  -4.79775e-06  
2.47953e-05  -5.96701e-05  -1.76273e-05  -2.17282e-05  1.64098e-05  -9.59389e-06  
2.47953e-05  -5.96701e-05  -1.76273e-05  -2.17282e-05  1.64098e-05  -9.59389e-06  
4.34122e-05  -4.893e-05  -1.76532e-05  -1.86312e-05  1.10523e-05  -1.91866e-05  
4.34122e-05  -4.893e-05  -1.76532e-05  -1.86312e-05  1.10523e-05  -1.91866e-05  
3.16952e-05  -3.81884e-05  -1.47067e-05  -1.55373e-05  9.19138e-06  -1.439e-05  
4.68681e-05  -4.29664e-05  -1.17861e-05  -1.23756e-05  7.44372e-06  -1.91862e-05  
4.68681e-05  -4.29664e-05  -1.17861e-05  -1.23756e-05  7.44372e-06  -1.91862e-05  
3.51511e-05  -3.22248e-05  -8.83956e-06  -9.28167e-06  5.58279e-06  -1.43896e-05  
3.51511e-05  -3.22248e-05  -8.83956e-06  -9.28167e-06  5.58279e-06  -1.43896e-05  
2.34341e-05  -2.14832e-05  -5.89304e-06  -6.18778e-06  3.72186e-06  -9.59309e-06  
2.34341e-05  -2.14832e-05  -5.89304e-06  -6.18778e-06  3.72186e-06  -9.59309e-06  
2.34341e-05  -2.14832e-05  -5.89304e-06  -6.18778e-06  3.72186e-06  -9.59309e-06  
1.1717e-05  -1.07416e-05  -2.94652e-06  -3.09389e-06  1.86093e-06  -4.79655e-06  
1.1717e-05  -1.07416e-05  -2.94652e-06  -3.09389e-06  1.86093e-06  -4.79655e-06  
1.1717e-05  -1.07416e-05  -2.94652e-06  -3.09389e-06  1.86093e-06  -4.79655e-06  
1.1717e-05  -1.07416e-05  -2.94652e-06  -3.09389e-06  1.86093e-06  -4.79655e-06  
0  0  0  0  0  0  
0  0  0  0  0  0  
0  0  0  0  0  0  
0  0  0  0  0  0  
0  0  0  0  0  0  
0  0  0  0  0  0  
0  0  0  0  0  0  
0  0  0  0  0  0  
0  0  0  0  0  0  
0  0  0  0  0  0  
0  0  0  0  0  0  
0  0  0  0  0  0  
0  0  0  0  0  0  
0  0  0  0  0  0  
0  0  0  0  0  0  
0  0  0  0  0  0  
0  0  0  0  0  0  
0  0  0  0  0  0  
0  0  0  0  0  0  
0  0  0  0  0  0  
0  0  0  0  0  0  
0  0  0  0  0  0  
0  0  0  0  0  0  
0  0  0  0  0  0  
0  0  0  0  0  0  
0  0  0  0  0  0  
0  0  0  0  0  0  
0  0  0  0  0  0  
0  0  0  0  0  0  
0  0  0  0  0  0  
0  0  0  0  0  0  
0  0  0  0  0  0  
0  0  0  0  0  0  
0  0  0  0  0  0  
0  0  0  0  0  0  
0  0  0  0  0  0  
0  0  0  0  0  0  
0  0  0  0  0  0  
0  0  0  0  0  0  
0  0  0  0  0  0  
0  0  0  0  0  0  
0  0  0  0  0  0  
0  0  0  0  0  0  
0  0  0  0  0  0  
0  0  0  0  0  0  
0  0  0  0  0  0  
0  0  0  0  0  0  
0  0  0  0  0  0  
0  0  0  0  0  0  
0  0  0  0  0  0  
0  0  0  0  0  0  
0  0  0  0  0  0  
0  0  0  0  0  0  
0  0  0  0  0  0  
0  0  0  0  0  0  
0  0  0  0  0  0  
